146.668
108.199
78.741
61.9331
47.432
39.0088
32.6095
25.9743
21.8878
19.4373
17.4932
14.8787
11.9247
10.6135
9.70577
9.05552
8.29204
6.73268
6.10685
5.67927
5.30144
4.7821
4.24259
4.05933
3.50312
3.35315
3.23875
3.04711
2.9399
2.77881
2.4778
2.23667
2.03279
1.96954
1.83891
1.75056
1.70651
1.47969
1.3957
1.3772
1.37265
1.36808
1.35376
1.35289
1.26829
1.26362
1.25026
1.11275
1.02893
0.931414
0.919305
0.826315
0.740921
0.724378
0.689167
0.66557
0.60285
0.572761
0.5702
0.551776
0.54731
0.511938
0.494082
0.479702
0.477396
0.475907
0.475047
0.409554
0.396564
0.380105
0.379919
0.30705
0.306013
0.305359
0.281495
0.279881
0.229078
0.222155
0.221579
0.218887
0.217806
0.216066
0.21507
0.214814
0.214138
0.212024
0.208051
0.205084
0.203942
0.187602
0.183969
0.182652
0.182088
0.181893
0.181388
0.179262
0.178401
0.175761
0.171758
0.171171
0.17053
0.170067
0.16599
0.165953
0.165953
0.165767
0.165767
0.164884
0.164495
0.164439
0.163326
0.162607
0.159691
0.15968
0.159411
0.159196
0.158251
0.158251
0.158251
0.158112
0.158111
0.1581
0.157936
0.157904
0.157884
0.15788
0.157811
0.1578
0.15777
0.157767
0.157767
0.156693
0.156404
0.15539
0.15534
0.155277
0.155277
0.15525
0.15521
0.155205
0.155205
0.155203
0.155188
0.151258
0.151195
0.151134
0.151067
0.151063
0.151063
0.151054
0.151054
0.151054
0.151054
0.151038
0.150758
0.150743
0.150743
0.150627
0.150622
0.150558
0.150558
0.150558
0.150277
0.150276
0.150276
0.150275
0.150251
0.150251
0.150251
0.150249
0.150186
0.150186
0.150186
0.150186
0.146125
0.146125
0.146077
0.146077
0.146077
0.146076
0.146076
0.146072
0.146072
0.145184
0.145184
0.145184
0.145184
0.145184
0.145184
0.145184
0.145184
0.145172
0.145167
0.145166
0.145166
0.145166
0.145166
0.145149
0.145149
0.145149
0.145149
0.145149
0.145149
0.145149
0.145149
0.145149
0.145149
0.145134
0.145134
0.145134
0.145117
0.145117
0.145117
0.145047
0.145047
0.145047
0.145047
0.145047
0.145047
0.145038
0.145038
0.145038
0.145038
0.145038
0.145038
0.145038
0.145038
0.145038
0.145038
0.145038
0.145038
0.145038
0.145037
0.145037
0.145037
0.145037
0.145037
0.145037
0.145037
0.145037
0.145037
0.145037
0.145037
0.145037
0.145026
0.145026
0.145026
0.145026
0.145026
0.145026
0.145026
0.145026
0.145026
0.145026
0.145026
0.145026
0.145026
0.145024
0.145024
0.145024
0.145024
0.145024
0.145024
0.145024
0.145024
0.145024
0.145024
0.145024
0.145024
0.145024
0.145024
0.145024
0.145024
0.145024
0.145024
0.145024
0.145024
0.145024
0.145024
0.145024
0.145024
0.145024
0.145024
0.145024
0.145024
0.145024
0.145024
0.145024
0.145024
0.145024
