376.953
277.779
215.634
182.679
145.313
122.879
100.704
80.4709
71.5783
60.1346
56.5913
47.2707
43.7549
38.179
33.1557
31.1272
30.2602
26.8832
24.5687
20.4143
19.5024
18.4379
17.2754
15.9246
14.3991
12.5123
11.5401
10.313
9.46379
8.2803
8.12233
7.23985
6.72898
6.71372
5.91337
5.39021
5.0295
4.79959
4.65639
4.34299
4.05595
3.4785
3.14043
3.12223
3.01955
2.94059
2.83662
2.77694
2.59709
2.54345
2.45919
2.38013
2.14416
2.12552
1.74638
1.74204
1.71255
1.64813
1.56501
1.54184
1.46758
1.46639
1.46076
1.43525
1.42747
1.17344
1.14791
1.14145
1.10915
0.944368
0.917091
0.839322
0.836211
0.793228
0.741987
0.739698
0.729905
0.718799
0.690948
0.673975
0.663448
0.649239
0.637827
0.636345
0.632374
0.63202
0.631939
0.4782
0.38776
0.352808
0.21771
0.217222
0.217162
0.216403
0.214844
0.21396
0.211219
0.20883
0.200374
0.189381
0.187668
0.187531
0.187065
0.186122
0.185975
0.18583
0.183606
0.181254
0.180796
0.180018
0.179703
0.178595
0.178414
0.0998426
0.0965581
0.0934676
0.086007
0.0859176
0.0856796
0.0838999
0.077897
0.0778239
0.0778222
0.0778222
0.0775628
0.0775568
0.0654336
0.064945
0.0627629
0.0530468
0.0530333
0.0525174
0.0486102
0.0481164
0.0479826
0.0479197
0.040892
0.0404275
0.0395665
0.0387084
0.0358186
0.0357972
0.0349159
0.0347612
0.0339165
0.0317124
0.0313326
0.0311493
0.0302451
0.0297502
0.0296408
0.0288516
0.0272256
0.0244709
0.0244233
0.0234933
0.0234901
0.02266
0.0216165
0.0201778
0.0201005
0.0200988
0.0200156
0.0199104
0.0197364
0.019733
0.0191975
0.0183646
0.0183563
0.0173368
0.0154403
0.0154403
0.0153541
0.0153532
0.0153401
0.0153199
0.0152689
0.015201
0.0152008
0.0151749
0.0151691
0.0151614
0.0151055
0.0142466
0.0141718
0.0141588
0.0141476
0.0139754
0.0139091
0.0138986
0.0138986
0.013871
0.013871
0.0137362
0.0135506
0.0055998
0.00558732
0.00558732
0.00537692
0.00537681
0.00508636
0.00507794
0.00507794
0.00488734
0.00475393
0.00474901
0.00473933
0.00467508
0.0046744
0.00467062
0.00466991
0.00462759
0.00384651
0.00377938
0.00358785
0.00345428
0.00345427
0.00338103
0.00338103
0.00338103
0.00338037
0.00338037
0.00336736
0.00336143
0.00332843
0.00332843
0.00332843
0.00318385
0.00318232
0.00318232
0.00318232
0.00318232
0.00311635
0.00309657
0.00309657
0.00309657
0.00308458
0.00308458
0.00286363
0.00285901
0.00285657
0.00284469
0.00282931
0.00282856
0.00278673
0.00278586
0.00278437
0.00278437
0.00272271
0.00272271
0.00272271
0.00272227
0.0026513
0.0025403
0.00253571
0.00253451
0.00253451
0.00253338
0.00250963
0.00248662
0.00248365
0.00248256
0.00248254
0.00248254
0.00248254
0.00248254
0.00248199
0.00246659
0.00246604
0.00246604
0.00246516
0.00244567
0.00240916
0.00233743
0.00233739
0.00233739
0.00233739
0.00233492
0.00233492
0.00233484
0.00184378
0.00184378
0.00184334
0.00184115
0.00184115
0.00180186
0.00180179
0.00180134
0.00179626
0.0017955
0.0017955
0.00179469
0.00178657
0.00178643
0.00177744
0.0017762
0.0017762
0.0017762
0.00177618
0.00177618
0.00177618
0.00177606
0.00177606
0.00177606
0.00177604
0.00177586
0.00177586
0.00177482
0.00177378
0.00177378
0.00177377
0.00177262
0.00177184
0.00177184
0.00177184
0.00177184
0.00177157
0.00177131
0.00177131
0.00177131
0.00177051
0.00177051
0.00177051
0.00176986
0.00176986
0.00176986
0.00176986
0.00176554
0.00176504
0.00176504
0.00176504
0.00176504
0.00176504
0.00176504
0.00176504
0.00176381
0.00176381
0.00176381
0.00176339
0.00176311
0.00176311
0.00176311
0.00175269
0.00175269
0.00175261
0.00175261
0.00175261
0.00173688
0.00173688
0.00173688
0.00173604
0.00173604
0.00173599
0.00173452
0.00173432
0.00173432
0.00173431
0.00173429
0.00173429
0.00173429
0.00171766
0.00171766
0.00171218
0.00171213
0.00170938
0.00170938
0.00170938
0.00170938
0.00170938
0.00170938
0.00170938
0.00170938
0.00170938
0.00170938
0.00170938
0.00170938
0.00167869
0.00167869
0.00167869
0.00167869
0.00167869
0.00167869
0.00167869
0.00167869
0.00167863
0.00167863
0.00167863
0.00167863
0.00167863
0.00167863
0.00167863
0.00167841
0.00167841
0.00167841
0.00167785
0.00167785
0.00167785
0.00167785
0.00167785
0.00167785
0.00167765
0.00167765
0.00167765
0.00167765
0.00167765
0.00167765
0.00167765
0.00167765
0.00167765
0.00167765
0.00167765
0.00167765
0.00167765
0.00167765
0.00167765
0.00167765
0.00167765
0.00167765
0.00167765
0.00167765
0.0016774
0.0016774
0.0016774
0.0016774
0.0016774
0.0016774
0.0016774
0.0016774
0.00167736
0.00167736
0.00167736
0.00167736
0.00167736
0.00167736
0.00167736
0.00167736
0.00167736
0.00167736
0.00167736
0.00167736
0.00167736
0.00167736
0.00167736
0.00167736
0.00167736
0.00167733
0.00167733
0.00167733
0.00167733
0.00167733
0.00167733
0.00167733
0.00167733
0.00167733
0.00167733
0.00167733
0.00167733
0.00167733
0.00167728
0.00167728
0.00167728
0.00167728
0.00167728
0.00167728
0.00167728
0.00167728
0.00167728
0.00167728
0.00167728
0.00167728
0.00167728
0.00167728
0.00167728
0.00167728
0.00167728
0.00167728
0.00167728
0.00167728
0.00167728
0.00167728
0.00167728
0.00167728
0.00167728
0.00167728
0.00167728
0.00167728
0.00167728
0.00167728
0.00167728
0.00167728
0.00167728
0.00167728
0.00167728
0.00167728
0.00167728
0.00167728
0.00167728
0.00167728
0.00167728
0.00167728
0.00167728
0.00167728
0.00167728
0.00167728
0.00167728
0.00167728
0.00167728
0.00167728
0.00167728
0.00167728
0.00167728
0.00167728
0.00167728
0.00167728
0.00167728
0.00167728
0.00167728
0.00167728
0.00167728
0.00167728
0.00167728
0.00167728
0.00167728
0.00167728
0.00167728
0.00167728
0.00167728
0.00167728
0.00167728
0.00167728
0.00167728
0.00167728
0.00167728
0.00167728
0.00167728
0.00167728
0.00167728
0.00167728
0.00167728
