704.701
504.84
416.196
337.883
268.269
236.868
201.721
170.029
150.999
126.164
108.008
99.1986
91.1906
80.569
75.1956
63.5746
58.3468
51.5884
48.1823
46.1339
43.5509
40.9877
36.5753
32.7781
28.4681
25.725
24.8832
24.4157
23.6183
22.7947
21.5284
19.9678
17.5377
16.6886
15.3052
15.0586
14.1415
12.4621
10.4056
9.44787
7.90563
7.86552
7.62707
7.44876
7.37061
7.12187
5.93626
5.79799
5.78029
5.68346
5.55429
4.5723
4.57179
4.46803
4.41402
4.38716
4.02712
3.95234
3.59034
3.58785
3.57161
3.52479
3.48976
3.45715
3.45544
3.26648
3.17153
2.9427
2.28387
2.23174
2.09698
2.05654
2.04123
1.95136
1.32339
1.26349
1.26113
1.24152
1.21001
1.20881
1.2001
1.1876
1.18545
1.18291
1.09533
1.06009
0.9115
0.902649
0.893447
0.850936
0.650364
0.609165
0.554426
0.462028
0.461834
0.461421
0.459882
0.459359
0.444419
0.444007
0.440654
0.440535
0.439652
0.380307
0.378673
0.360896
0.359166
0.339015
0.338141
0.335035
0.309259
0.307837
0.246665
0.244713
0.187604
0.183898
0.183153
0.18301
0.182948
0.182844
0.182136
0.1662
0.164614
0.164576
0.164278
0.157774
0.157626
0.150261
0.15024
0.150016
0.149213
0.148963
0.148939
0.14858
0.147665
0.142139
0.142133
0.141803
0.125061
0.125061
0.12472
0.124316
0.123809
0.1226
0.117352
0.115887
0.113298
0.110801
0.110781
0.11078
0.109478
0.10878
0.10878
0.108581
0.108438
0.108417
0.108018
0.107889
0.107844
0.0892816
0.0892745
0.0892389
0.0892142
0.0892134
0.0891469
0.0887857
0.0874453
0.087282
0.0872333
0.0872333
0.0870791
0.0718798
0.0718717
0.0522136
0.0518547
0.0517753
0.0375528
0.0374698
0.0374271
0.0374271
0.0374164
0.0360344
0.0359434
0.0359376
0.034574
0.0344643
0.0290237
0.0276057
0.0275216
0.0275209
0.0274263
0.0272467
0.0271379
0.0271318
0.0270998
0.027092
0.0270855
0.0270854
0.0219143
0.0219034
0.0215935
0.0214393
0.0212778
0.0212778
0.0212596
0.0212452
0.0212449
0.0207479
0.0207235
0.020706
0.0205724
0.0204621
0.0204404
0.0204398
0.0203409
0.0202542
0.0202283
0.020225
0.0198847
0.0165543
0.0164735
0.00649622
0.00516187
0.00516088
0.00515409
0.00514776
0.00513692
0.00513489
0.00513344
0.00509876
0.00509876
0.00507692
0.00507665
0.00507665
0.00507662
0.00506898
0.00506663
0.00506464
0.00505507
0.00505422
0.00456996
0.0031886
0.00316848
0.00295755
0.0029543
0.00294618
0.00294007
0.00293526
0.00293526
0.00287669
0.00287117
0.00285995
0.00278142
0.00278142
0.00277331
0.00149259
0.00148589
0.00147861
0.00147744
0.00147618
0.00138794
0.00138726
0.00136291
0.00136289
0.00136251
0.00136218
0.00136185
0.00136185
0.00135586
0.00135514
0.00135497
0.00135362
0.0013343
0.0013343
0.00133395
0.00133238
0.0012955
0.0012955
0.000911523
0.000911523
0.000910545
0.000910424
0.000827142
0.000827142
0.000817121
0.000816832
0.000816692
0.00080058
0.000794163
0.000794163
0.00078484
0.000784421
0.000778945
0.000778945
0.000778945
0.000775927
0.000774614
0.000774614
0.000774614
0.000773785
0.000773701
0.000764788
0.000764192
0.000764192
0.000764192
0.000762134
0.000753295
0.000753165
0.000751125
0.00075106
0.00074889
0.000748266
0.000743255
0.000742371
0.000735525
0.000735525
0.000732675
0.000732675
0.000732675
0.000640555
0.000627265
0.000627218
0.000547467
0.000547467
0.000542559
0.000539606
0.000539504
0.000539504
0.000539504
0.000538218
0.000529277
0.000524639
0.000524639
0.000524639
0.000524313
0.000523857
0.000523857
0.000522991
0.000518641
0.000512485
0.000512485
0.00051066
0.00051066
0.00051065
0.000509384
0.000509384
0.000507996
0.000487432
0.000487432
0.000487367
0.000486957
0.000486957
0.000486957
0.000468945
0.000448688
0.000448688
0.000448688
0.000448688
0.000448688
0.000448688
0.000448688
0.000448688
0.000448688
0.000442811
0.000442476
0.000440911
0.000440911
0.000440715
0.000440715
0.000440715
0.000440715
0.000440687
0.000440231
0.000440231
0.000437688
0.000436161
0.000435313
0.000435313
0.000435313
0.000435313
0.000435313
0.000434997
0.000434997
0.000434997
0.000434997
0.000434997
0.000434727
0.000434727
0.000434652
0.000434522
0.000434522
0.000434522
0.000431253
0.000431225
0.000430703
0.000430703
0.000430675
0.000430675
0.000430638
0.000430638
0.00043021
0.000375055
0.000375055
0.000374999
0.000374971
0.000374971
0.000314396
0.000314396
0.000312915
0.000312915
0.000310624
0.000310624
0.000310624
0.000310624
0.000310522
0.000310522
0.00030959
0.000309572
0.000309572
0.000309572
0.000309572
0.000309572
0.00030946
0.000308771
0.000308668
0.000308398
0.000306806
0.000299839
0.000299746
0.000299746
0.000299737
0.000299737
0.000299737
0.000299737
0.000294977
0.000294977
0.000294977
0.000294977
0.000294977
0.00029495
0.000294912
0.000294912
0.000294847
0.000294847
0.000294847
0.000294847
0.000294847
0.000294847
0.000294847
0.000294847
0.000294847
0.000294847
0.000294847
0.000294847
0.000294847
0.000293906
0.000293739
0.000293739
0.000293739
0.000293739
0.000293739
0.00029372
0.000287853
0.000286037
0.000286037
0.000286027
0.000285962
0.000285962
0.000285962
0.000277114
0.000277114
0.000277114
0.000277114
0.000277114
0.000277114
0.000277002
0.000276974
0.000276965
0.000276965
0.000276965
0.000276965
0.000276891
0.000276891
0.000276891
0.000276807
0.000276807
0.000276807
0.000275484
0.000275484
0.000275158
0.000273147
0.000273137
0.000273137
0.000273137
0.000273044
0.000273044
0.000273044
0.000273044
0.000273044
0.000273044
0.000273044
0.000273044
0.000273044
0.000273044
0.000272709
0.000272709
0.000271619
0.000271619
0.000271619
0.000271619
0.000271619
0.000271619
0.000271619
0.000266888
0.000266888
0.000266888
0.000266888
0.000266888
0.000266888
0.00026686
0.00026686
0.000266553
0.000266553
0.000266553
0.000266553
0.000266553
0.000266553
0.000266553
0.000266553
0.000266553
0.000266525
0.000266525
0.000266525
0.000266525
0.000266525
0.000266525
0.000266525
0.000266525
0.000266525
0.000266357
0.000266357
0.000266357
0.000266357
0.000266357
0.000266357
0.000266301
0.000266301
0.000266301
0.000266301
0.000266273
0.000266273
0.000266273
0.000266245
0.000266245
0.000266245
0.000266245
0.000266245
0.000266161
0.000261235
0.000261235
0.000261151
0.000261151
0.000261151
0.000261151
0.000260816
0.000260816
0.000260816
0.000260816
0.000260816
0.000260816
0.000260816
0.000260816
0.000260816
0.000260816
0.000259884
0.000259884
0.000259884
0.000259391
0.000259391
0.000259391
0.000259391
0.000259391
0.000259363
0.000259269
0.000259269
0.000259269
0.000259242
0.000259242
0.000259242
0.000259242
0.000259242
0.000259242
0.000259242
0.000259242
0.000259242
0.000259242
0.000259242
0.000259242
0.000259242
0.000259232
0.000259232
0.000259232
0.000259232
0.000259232
0.000259232
0.000259232
0.000259232
0.000259232
0.000259232
0.000259232
0.000259232
0.000259232
0.000257975
0.000257975
0.000257975
0.000257975
0.000257975
0.000257975
0.000257975
0.000257975
0.000257975
0.000257975
0.000257975
0.000257975
0.000257975
0.000257975
0.000257975
0.000257975
0.000257975
0.000238025
0.000238025
0.000238025
0.000238025
0.000238025
0.000237932
0.000237932
0.000237932
0.000237932
0.000237932
0.000237932
0.000237932
0.000237904
0.000237904
0.000237904
0.000237737
0.000237737
0.000237737
0.000237737
0.000237737
0.000237737
0.000237737
0.000237737
0.000237737
0.000237737
0.000237737
0.000237737
0.000237737
0.000237737
0.000237737
0.000237737
0.000237737
0.000237737
0.000237737
0.000237737
0.000237737
0.000237737
0.000237737
0.000237737
0.000237737
0.000237737
0.000237737
0.000237737
0.000237737
0.000237737
0.000237737
0.000237737
0.000237737
0.000237737
0.000237737
0.000237737
0.000237737
0.000237653
0.000237569
0.000237318
0.000237318
0.000237318
0.000237318
0.000237318
0.000237318
0.000237318
0.000237318
0.000237318
0.000237318
0.000237318
0.000237318
0.000237318
0.000237318
0.000237318
0.000237318
0.000237318
0.000237318
0.000237318
0.000237318
0.000237318
0.000237318
0.000237318
0.000237318
0.000237318
0.000237318
0.000237318
0.000237318
0.000237318
0.000237318
0.000237318
0.000237318
0.000237318
0.000237318
0.000237318
0.000237318
0.000237318
0.000237318
0.000237318
0.00023729
0.00023729
0.00023729
0.00023729
0.00023729
0.00023728
0.00023728
0.00023728
0.00023728
0.00023728
0.00023728
0.00023728
0.00023728
0.00023728
0.00023728
0.00023728
0.00023728
0.00023728
0.00023728
0.00023728
0.00023728
0.00023728
0.00023728
0.00023728
0.00023728
0.00023728
0.00023728
0.00023728
0.00023728
0.00023728
0.00023728
0.00023728
0.00023728
0.00023728
0.00023728
0.00023728
0.00023728
0.00023728
0.00023728
0.00023728
0.00023728
0.00023728
0.00023728
0.00023728
0.00023728
0.00023728
0.00023728
0.00023728
0.00023728
0.00023728
0.00023728
0.00023728
0.00023728
0.00023728
0.00023728
0.00023728
0.00023728
0.00023728
0.00023728
0.00023728
0.00023728
0.00023728
0.00023728
0.00023728
0.00023728
0.00023728
0.00023728
0.00023728
0.00023728
0.00023728
0.00023728
0.00023728
0.00023728
0.00023728
0.00023728
0.00023728
0.00023728
0.00023728
0.00023728
0.00023728
0.00023728
0.00023728
0.00023728
0.00023728
0.00023728
0.00023728
0.00023728
0.00023728
0.00023728
0.00023728
0.00023728
0.00023728
0.00023728
0.00023728
0.00023728
0.00023728
0.00023728
0.00023728
0.00023728
0.00023728
0.00023728
0.00023728
0.00023728
0.00023728
0.00023728
0.00023728
0.000236964
0.000236964
0.000236964
0.000236964
0.000236964
0.000236964
0.000236964
0.000236964
0.000236964
0.000236964
0.000236964
0.000236964
0.000236964
0.000236964
0.000236964
0.000236964
0.000236964
0.000236964
0.000236964
0.000236964
0.000236964
0.000236964
0.000236964
0.000236964
0.000236964
0.000236964
0.000236964
0.000236964
0.000236964
0.000236964
0.000236964
0.000236964
0.000236964
0.000236964
0.000236964
0.000236964
0.000236964
0.000236964
0.000236964
0.000236964
0.000236964
0.000236964
0.000236964
0.000236964
0.000236964
0.000236964
0.000236964
0.000236964
0.000236964
0.000236964
0.000236964
0.000236964
0.000236964
0.000236964
0.000236964
0.000236964
0.000236964
0.000236964
0.000236964
0.000236964
0.000236964
0.000236964
0.000236964
0.000236964
0.000236964
0.000236964
0.000236964
0.000236964
0.000236964
0.000236964
0.000236964
0.000236964
0.000236964
0.000236964
0.000236964
0.000236964
0.000236964
0.000236964
0.000236964
0.000236964
0.000236964
0.000236964
0.000236964
0.000236964
0.000236964
0.000236964
0.000236964
0.000236964
0.000236964
0.000236964
0.000236964
0.000236964
0.000236964
0.000236964
0.000236964
0.000236964
0.000236964
0.000236964
0.000236964
0.000236964
0.000236964
0.000236964
0.000236964
0.000236964
0.000236964
0.000236964
0.000236964
0.000236964
0.000236964
0.000236964
0.000236964
0.000236964
0.000236964
0.000236964
0.000236964
0.000236964
0.000236964
0.000236964
0.000236964
0.000236964
0.000236964
0.000236964
0.000236964
0.000236964
0.000236964
0.000236964
0.000236964
0.000236964
0.000236964
0.000236964
0.000236964
0.000236964
0.000236964
0.000236964
0.000236964
0.000236964
0.000236964
0.000236964
0.000236964
0.000236964
0.000236964
0.000236964
0.000236964
0.000236964
0.000236964
0.000236964
0.000236964
0.000236964
0.000236964
0.000236964
0.000236964
0.000236964
0.000236964
0.000236964
0.000236964
0.000236964
0.000236964
0.000236964
0.000236964
0.000236964
0.000236964
