1.67174 1.94796
1.71909 -1.45808
1.72461 -1.59356
2.035 1.59974
-0.692885 -1.36069
2.00346 1.58946
0.0391467 1.65602
-0.998573 0.215268
1.96637 -0.642092
0.975883 -2.56317
1.50561 -0.227449
-0.0508438 0.0569362
-0.297063 -0.344542
-1.8614 -0.869225
-0.890923 0.240602
1.45103 -0.00703788
0.271527 -0.583748
1.21016 1.79474
1.27767 0.359396
0.940262 0.90005
1.84613 1.49575
-2.31916 -1.12319
0.826456 -0.991821
-2.11274 -0.875464
-0.238045 1.04198
1.80554 -2.2492
0.839946 -2.81952
1.10627 0.642601
2.03557 -0.626313
1.58175 0.227115
-0.0361937 -0.80478
2.71114 1.28184
2.194 -1.08085
-0.870103 -0.260355
-0.963549 -1.85331
-2.30418 -1.59176
-1.0621 -2.13604
1.32395 -1.83665
0.995451 0.886735
0.668862 -2.46633
-1.77377 -0.126491
1.31843 1.79812
-1.04199 2.74566
0.0298409 2.05694
0.722101 -0.817424
-0.364437 2.73678
1.7537 -2.08173
1.28541 -2.44486
1.91094 -2.10511
0.0655162 0.907383
-0.151571 2.03985
2.05016 -1.65559
-0.823787 -0.456729
-0.520907 -2.25789
2.2962 1.76502
-0.346645 1.19121
-1.95131 1.77248
-0.530745 2.15873
2.8004 -0.354174
2.40663 0.289998
-2.31151 -1.9045
-1.67878 -1.79124
0.124123 -2.00983
-0.0879977 1.69097
-0.426511 1.68642
0.71669 -2.61213
-1.03667 -0.937972
-1.305 1.01337
1.67398 -0.0169206
2.81157 -0.0766716
1.97647 -1.82884
0.0578448 -2.80053
0.151013 2.70859
-2.06598 -0.713681
-0.692 -1.32343
-0.768009 -0.224482
-1.05853 2.2614
-0.194891 -2.37715
-2.56262 1.3894
0.0891789 1.01066
2.10623 -2.11862
0.741131 0.765364
1.44622 -2.10064
0.0192287 -1.15195
-1.30086 1.21879
2.43373 -0.247051
2.50635 0.535738
1.49623 -0.825402
1.49935 -0.485248
1.05506 -1.85288
1.03135 0.708937
-1.7857 1.26712
0.463342 -0.600131
-0.811667 -2.47694
-0.419364 -2.58297
-0.900164 -0.073856
-1.58834 0.491012
-1.98374 0.218375
1.70082 1.1106
0.610059 -1.42005
-0.0527121 0.513764
-0.117719 2.52741
-1.47357 -1.56685
-2.80475 0.275103
-1.54396 0.174634
0.205433 -2.10523
2.60877 0.486871
-1.40222 2.29172
2.3404 0.136919
0.656975 1.80544
1.7304 1.32889
1.44308 -2.39313
-2.89311 0.654257
0.397884 1.64237
0.7834 2.24899
-0.00590236 -2.20662
-2.46783 0.507441
-1.54367 -0.144845
-1.76307 0.324798
0.59808 -1.59343
-1.72089 -1.93404
-1.00961 0.691244
-0.300912 1.68284
-0.380989 2.71165
-0.17138 -0.948435
-2.34557 0.336494
1.89082 -1.03348
2.77984 0.713187
-0.753074 2.65053
1.84689 -2.26773
-0.670082 -2.71471
-1.35754 -0.754423
-1.68843 -2.35223
-0.826364 -0.881854
0.118743 -1.11765
-0.199723 2.68211
-0.878079 -0.0341807
-1.2867 -2.19288
0.749948 2.90122
0.630652 0.940348
1.28365 2.48584
0.428752 -1.31545
0.365714 0.00500802
1.91576 0.974459
1.49608 -1.86346
0.288174 2.19265
1.26729 1.84861
1.52944 -1.81712
-2.26202 -0.161296
-1.88592 -0.122445
-2.52125 -0.852274
-0.975381 -0.0792705
1.24884 -1.00812
0.357372 -1.73291
-1.05446 1.15107
-2.70639 0.00196028
1.60837 1.05725
2.17043 1.90452
1.15427 -2.1495
1.81134 0.888172
-2.35828 -0.897131
-0.634616 -1.12955
1.60771 -0.179129
-0.0314536 0.42364
-0.0139687 0.203305
0.150866 -1.47092
0.230442 -0.453871
2.59917 -0.327899
1.39246 2.51068
1.33479 -2.29725
-2.04014 1.16939
2.25355 1.71898
2.19642 -1.1981
1.40893 -0.290505
0.111962 1.88357
-1.74535 -0.583505
2.87101 -0.782242
2.3875 -0.0610752
-1.98296 -1.28495
1.57329 1.18385
-2.27536 -1.10226
1.71549 2.34816
1.67279 0.817687
-2.73052 -0.252538
0.275497 2.13971
0.229252 0.84443
-1.96323 0.188923
0.0464041 1.65642
0.990412 -0.858506
1.6624 2.16525
0.834691 -1.44047
0.533227 -2.24128
0.835787 0.7838
1.39513 0.809718
-0.7735 2.833
1.00615 2.74286
-2.36459 -1.1415
-0.915035 -1.09424
-2.08424 0.650204
-1.09398 -1.23119
0.703441 -0.958313
-0.484374 2.76516
2.35326 -1.21611
-1.312 1.83246
0.829209 -0.467511
0.0479223 -0.938471
-2.21188 0.077929
-2.09503 -0.760422
0.225467 -1.36303
-0.930017 -0.505399
-0.15223 -2.91198
0.70719 0.795637
-0.966665 1.56581
1.81751 0.464971
-1.83397 -0.704894
-0.125273 -1.49673
-1.16115 1.60238
-0.0187502 -2.36356
1.87075 -1.14619
2.28436 1.733
2.08956 -0.394734
-1.24373 1.17776
0.995201 1.86033
2.86614 0.164485
-2.03353 -2.02697
0.574621 -2.55974
-0.887838 1.05803
2.48032 -0.586479
-2.22094 -0.367838
-0.247239 -2.73335
-2.26908 -1.73911
1.597 0.0765991
0.807296 0.0866456
0.360986 0.265467
-2.12276 -1.07203
1.0528 -0.201005
-0.513524 2.63498
-0.933835 1.63326
0.236685 -1.16196
-0.587271 1.95223
0.987011 -1.42195
0.879722 0.755628
-2.21511 0.763367
0.509482 1.15684
2.48272 -0.87482
0.295477 2.13883
-0.663608 -1.28979
2.13973 -0.155245
-0.99001 -2.29536
-2.57357 0.498097
1.50786 -1.54678
-0.524846 -0.809329
-0.199618 -1.62446
0.155399 -0.809411
-1.36202 -2.47392
-2.87409 0.22052
-0.209376 -0.645253
0.647271 -2.58597
0.469788 2.10901
0.89785 2.47759
-2.1667 -0.571317
-1.0149 -0.772898
-2.32375 0.520914
1.61663 0.34065
-0.28864 2.67328
0.301669 2.90191
-1.28022 0.839396
-0.268414 1.21643
2.30832 0.527164
0.317166 -0.449039
2.23977 -1.17654
0.585087 1.17374
-0.6643 -0.845475
0.25273 -2.53352
-1.05106 0.52426
-1.73277 -2.16159
2.63809 -0.96056
-1.50871 1.92411
-1.29627 -1.49068
-0.168483 -2.51268
-1.2157 -1.59147
-0.353757 -1.11896
-0.135318 -1.32515
-0.271993 -0.336816
-1.89763 0.385535
-2.6461 -0.325376
0.271157 0.106054
1.4931 -1.61742
0.637972 0.831214
0.365485 1.50437
-2.1617 -0.0100396
-1.50858 -1.63775
-0.509579 0.764617
2.28166 -0.474354
-1.37161 0.63959
0.829155 0.164589
2.08092 -1.06973
2.447 0.0142694
0.650792 -2.05168
-0.154491 -1.03247
0.804821 -1.82528
2.77304 -1.09798
0.244426 -0.366754
1.66807 2.15269
-0.358582 0.296036
-2.17667 0.340859
0.821182 1.29601
-1.69975 1.13444
-1.30557 -2.51834
0.506375 -2.63225
-1.96063 -2.10596
0.623167 2.34579
0.698498 -2.90145
0.973841 -0.250055
-2.35719 1.28763
-0.683247 -2.32057
0.480412 -0.141676
-2.58395 1.17158
-1.08124 0.168869
1.97923 2.01083
0.52552 1.62338
2.51732 -1.61483
-1.09546 1.91506
0.0817206 -2.83365
1.31955 -2.11401
0.679389 2.44236
1.49284 -0.548766
-2.19083 0.823509
-0.419956 -1.91592
-0.961526 -1.88549
-1.78329 -1.01535
1.66301 2.43773
-2.26556 -1.43328
1.81151 -1.64575
-1.11115 -0.64076
-0.13642 -2.85792
1.22874 0.0277531
-2.11293 2.03988
1.49071 -1.18031
-0.127779 2.84348
-0.154775 1.49038
-2.7211 -0.15659
-1.68638 -0.4747
-0.645233 -2.04315
-0.660366 1.41664
1.15173 -2.04721
0.694467 -0.970864
-2.45716 0.185863
-0.136686 0.844476
-0.908346 2.74601
-2.30827 0.210409
-1.55008 -0.0545031
-1.05316 -0.631906
-1.7227 0.531599
0.908526 -2.31151
-1.97747 1.5783
-1.29492 -1.02857
-1.61121 -0.273245
0.822559 -0.831581
0.406517 0.242517
1.21328 1.00789
-2.34913 -1.4561
-0.0984747 -1.81385
-1.84087 -2.25929
-2.13569 1.65039
-1.44927 -0.384381
-1.24622 -0.184726
-0.112995 -0.365653
-1.62999 -0.296709
-0.620791 -1.44622
-0.647774 1.7059
-1.87947 -1.22816
-1.9009 2.04218
-1.14291 0.665372
-2.29816 -1.15832
1.30867 0.134835
1.4862 -1.95932
0.609981 -0.484907
2.2057 1.60764
-1.97549 1.84469
1.66113 2.0671
-1.2089 0.400016
0.255925 -2.28335
-2.0944 0.00850072
-0.572366 1.76485
-1.4605 -0.129673
2.02773 0.692775
-1.92502 0.301966
-2.01236 1.37141
-1.1431 -1.98348
2.04985 0.353931
1.1568 0.100446
1.62141 -0.74566
-1.1371 2.15344
-0.677128 0.256948
-0.581405 0.317753
2.75257 -0.571802
-0.53481 2.49111
1.91116 0.0344985
-1.81338 -0.848752
-0.506834 0.496161
0.590927 -0.263476
-0.156234 0.925361
1.47611 -0.493729
-2.958 -0.128175
0.184327 -2.73672
-1.99435 0.587424
-2.59237 -0.0439441
2.17841 -0.0441798
-0.132734 2.82794
1.63559 0.697093
-1.4689 0.666626
2.49111 0.34603
-1.50743 0.325532
1.27458 2.61186
-2.52226 -0.012192
-0.658529 0.181364
-0.801825 -2.46886
1.62815 1.36919
1.05652 2.32885
-0.187692 2.72337
-1.81384 -0.359244
-2.41682 -0.479235
-0.350314 0.602595
-0.397207 2.11188
-2.24597 -0.491662
-0.597585 -2.90111
1.51398 -1.90742
0.924094 -0.554978
2.10704 -1.80461
0.29254 0.991094
1.33505 2.64369
2.38939 -0.660327
-0.581776 -0.971321
-0.670259 -0.990169
0.240075 2.9478
-0.985984 -0.93865
-0.569619 -1.37957
1.77751 -2.01074
-2.64495 0.368253
-2.51915 -0.218796
-0.964375 2.04923
0.851971 2.73672
0.73316 2.62699
-1.36977 0.578414
1.96352 -1.59021
2.04078 -1.53986
-1.68147 2.40007
0.568867 -1.8058
1.62178 -0.107452
-2.63994 -1.27097
1.64175 -1.71639
-1.02742 2.38096
-2.5525 0.454428
-1.88097 -1.14233
0.326893 -0.759943
-2.35492 -0.26887
-0.456614 -0.937794
-1.04377 -0.578733
-0.657014 -0.225748
-1.72615 -1.30821
-0.284713 1.44129
2.14517 -0.545202
1.7279 -2.29439
-2.56174 1.10401
-1.59235 -2.52262
-1.91189 2.18199
-0.0714924 1.67625
-1.05759 2.62485
2.17261 1.16781
-1.36034 -1.85724
2.22405 0.732661
0.148796 1.48293
1.75891 -0.946622
-0.667687 -0.0960447
-1.23169 -1.11265
1.83534 -0.538428
-1.82921 -1.28587
-1.38281 2.47044
0.595284 -1.78165
0.00890111 1.40112
0.777777 1.55706
0.780671 2.46005
-2.40177 -1.5211
0.0444091 -0.0216204
-2.86498 0.075609
-0.930503 1.95123
-1.78978 0.25913
0.551203 -2.52236
2.46958 1.01284
-1.75631 0.850891
-0.802438 1.12944
-2.75304 -0.224509
2.51754 0.314048
1.11635 -0.571595
0.292293 1.2004
0.716633 -1.20327
-1.97473 -0.30035
-0.410535 -2.55626
1.78962 0.648416
-1.53507 1.03822
-0.9387 1.38688
0.779388 -2.26322
-1.84983 -2.143
1.02555 0.458891
1.65984 -0.333497
1.40545 2.27175
-1.42642 1.51428
1.88313 0.907971
0.424461 1.84373
-2.51337 -0.806009
-1.18702 -0.92397
-1.85453 2.03595
-0.379522 0.15499
-0.866636 2.22703
2.46342 -0.909726
-0.748955 1.38386
1.76966 0.780606
-2.07029 -0.583097
-1.71145 2.24043
0.32117 2.33632
1.13954 -0.0726318
-2.20103 -0.145966
0.940122 0.502289
-0.137 -2.20333
0.654692 -1.95521
-0.713457 0.226827
-0.898976 0.926946
1.58831 0.311937
-0.428842 -2.25958
-1.90511 -1.77418
1.58533 0.508227
-0.155088 -0.421805
1.10854 -0.76461
-0.617466 -0.09485
-0.510562 2.13082
-0.438732 1.42381
2.62562 1.34429
-0.0213038 0.481821
-0.0811385 -0.653489
2.29087 -1.88142
1.52492 2.22764
-2.23547 1.96677
1.67839 -2.22716
-1.43825 -0.712525
0.701024 -0.165309
-2.57059 -0.489471
-1.45678 -1.12593
0.582507 2.35059
-0.74255 2.59924
0.0592211 1.48394
-1.69938 -2.45539
-1.25799 0.694005
1.8428 0.569873
-0.657129 -1.13749
0.657489 -1.57978
-2.75001 -0.354898
-0.627138 -0.944253
-1.30857 -2.61262
0.806348 1.21192
-2.64974 -0.238587
-0.854568 -2.601
-1.08632 0.0864722
2.30208 -1.28412
-0.427064 -1.01574
0.261077 1.62274
-0.109378 -1.32365
0.709514 -1.28162
-0.803035 1.82681
1.52015 -1.2363
2.79166 -0.812868
-0.822931 2.84829
1.23613 -1.95905
2.41343 -1.76178
-1.61917 0.753808
-1.37008 0.325857
2.62664 1.41713
1.18202 2.4115
-1.66135 1.75271
0.171159 -1.3607
0.234272 -2.53793
0.589822 1.39016
1.40579 2.43758
0.698851 -0.730419
1.45395 -0.600247
1.60007 0.209168
2.08041 -0.755513
1.61703 0.972916
0.523813 1.99138
-0.807943 2.51931
-0.676237 -1.69937
1.07863 -0.0503805
-0.23718 0.747727
2.78857 -0.261313
2.66507 -0.0686332
2.33346 -1.27311
0.70563 -1.24006
2.03057 1.53439
-2.50546 -0.148499
1.39723 1.39211
0.322435 -2.92482
-0.133157 -1.34578
1.96994 0.911212
-1.32359 -0.669769
2.03993 1.07704
0.78517 -1.82746
-2.3852 0.491435
1.33085 1.46961
-0.308015 0.910125
-1.85124 1.19905
1.15073 -0.710976
-2.40454 0.713804
-0.0807943 1.94142
1.52707 -1.69477
-0.967261 -1.57651
-0.147327 -0.382823
0.800549 -2.48833
-2.23477 1.74898
-2.20258 1.11069
-0.8997 -2.24915
-0.358823 -1.4273
-1.99616 0.546186
2.85691 0.752939
1.70455 0.296069
1.24942 -2.25274
1.88146 -0.353529
2.106 -1.83241
1.35254 1.56191
-2.56532 1.34533
2.0189 0.338948
-2.12555 1.72951
1.33257 -0.163358
-2.00622 -1.25554
2.25988 1.32978
-1.93398 1.93174
-1.00294 0.203087
2.41011 -0.795246
-0.280894 0.0892398
2.57649 0.816515
1.41859 -0.690607
0.244583 -1.70313
0.16048 0.432251
2.31018 0.108447
-0.471606 0.469787
1.46735 -1.16744
0.197091 -0.129203
2.15855 -1.76145
1.0373 1.1628
0.9339 -0.846615
-1.74926 -0.681737
0.830935 2.32155
0.726677 1.92663
1.99127 1.88582
-0.954313 0.193682
-0.166726 -0.741171
1.79274 -2.35042
-0.484604 -1.46896
-2.05537 0.42252
-1.95132 -1.25375
-0.173274 2.62248
0.709831 2.00232
-1.66101 -1.60151
-2.69941 -0.169937
0.641911 -2.298
0.717869 1.13189
-1.78133 1.6476
-2.74996 0.879101
0.812863 0.199474
0.336946 2.08669
-1.28197 -1.07973
-0.100931 0.723892
-0.724313 0.545484
0.625934 0.153572
2.59802 1.41774
1.4896 -0.990677
-1.60012 -2.08459
-0.465923 -2.75001
-1.40628 -1.4987
-1.27211 0.418519
-0.253451 -0.0834351
-2.4111 -0.243375
0.305007 -2.65454
-0.636056 2.05292
-1.0041 -2.33815
2.2127 -0.895571
-1.37937 -2.62031
-0.875864 2.52688
1.17226 1.3463
-1.01111 2.44539
1.03917 -2.78004
-0.329324 2.88894
-1.50982 1.00793
-1.35511 -1.68297
-0.48321 1.91058
0.936901 -1.66604
-0.00465401 1.97737
-0.120891 1.00709
0.500499 2.09727
2.51158 0.153655
2.44582 -1.32688
-2.45989 -1.41587
2.41919 0.76692
-0.270912 -2.26647
0.318041 2.67487
-1.17653 2.75274
-0.787798 -2.30045
-0.400808 2.18999
1.64934 2.48236
2.16965 -1.36497
-1.79886 0.357886
1.76801 -1.98476
1.06928 1.31861
-1.37029 -2.45301
1.52926 -0.71111
-1.8882 1.49475
1.37472 -1.4346
-2.19355 1.53277
-0.472147 1.82082
0.63697 -0.919701
-2.32936 1.03787
-2.95173 -0.520169
1.83162 1.41542
-1.05597 -1.46425
-1.81004 -2.34651
1.20654 0.392068
-0.30856 1.63696
-2.26388 -0.0301833
-0.549189 -1.69853
1.08736 1.27077
-0.636371 1.25892
1.25808 0.532912
-1.29357 -1.85107
0.348294 -0.577975
0.773944 -2.74329
-1.80268 -0.962283
2.25979 -1.29345
1.04705 2.79533
0.526075 -2.63562
-1.18404 -1.9985
-0.875895 2.68331
-0.166722 0.83663
-1.01481 1.87243
0.404726 -2.07472
0.543707 -2.67098
-0.816573 2.61054
1.15483 -1.3362
-1.08278 -0.594885
0.709686 -1.31943
1.47951 1.39068
0.506959 -0.33102
-0.0860923 0.409023
-1.47435 -2.13063
-1.69469 -2.17408
-1.34448 1.68446
-2.69192 -0.541017
-2.2132 1.6205
0.631805 1.23018
-1.56384 -0.175684
1.25755 1.41605
-2.02673 -0.442766
0.101361 -2.41895
-0.432564 2.2238
-2.46573 0.846448
-2.31079 -0.347721
0.516966 2.91365
-0.200494 -0.207537
-1.0359 -0.785059
2.43106 1.43923
0.853401 -0.571297
1.72194 1.80972
-0.506787 1.9539
1.34542 -0.987074
-0.197278 0.756463
0.546022 -2.69309
0.480941 -2.86733
-0.650142 -1.61695
-1.48133 0.393594
-0.895707 -2.10244
0.785493 -0.195593
0.609128 1.27983
-2.7692 -0.740232
-0.103007 1.23241
0.920537 -0.00739101
-1.84186 0.31466
0.455127 0.209736
0.134535 0.82271
0.662308 1.77945
-1.82402 2.30653
1.42594 -1.81641
0.082349 2.06278
-0.810856 -0.666055
2.40549 -0.27101
0.47174 0.116279
-2.6048 -0.546641
-0.488545 1.24719
-2.18451 1.97511
-2.15401 0.351302
1.89383 0.12097
-1.28515 2.03459
-2.13147 1.37628
-1.75973 0.543896
-2.06522 1.79106
2.68664 1.14166
-2.12702 -0.639812
-0.773334 -0.176136
0.182214 -2.51497
1.3131 0.129359
-1.38079 -1.96828
-2.01163 -0.111082
0.972089 -2.07348
-0.623713 -1.87609
0.717166 -1.99189
0.131106 -2.95883
0.0949171 -2.7425
0.906009 1.20177
-1.10762 1.92272
0.873362 -1.30197
-2.17994 1.63217
0.00439816 -2.95233
-0.293088 -1.53776
-1.81354 2.31204
0.753488 2.03503
-0.712514 1.15683
1.71321 -0.135324
-1.51756 1.96204
0.781128 1.71992
0.393298 1.778
2.17863 -1.57638
-1.62514 1.93149
-0.505045 2.15517
-2.24778 1.48489
2.6766 -0.574837
-0.551364 2.05925
-1.18871 0.322718
1.42945 0.566832
-0.945714 1.09045
-1.00122 -0.0324387
1.96898 -1.03817
2.14127 -0.74501
0.0076642 -1.64764
0.964537 0.734871
1.42077 2.47575
-1.40616 2.47289
-1.17503 0.743017
-1.93781 -0.0852097
-1.39716 -1.84261
-2.25584 -1.33609
-0.202202 -1.44849
-0.601714 2.48837
1.96252 -0.958089
-0.367631 -0.0366252
1.9491 1.4362
-1.00978 1.49828
-1.22145 -2.37091
-0.259857 1.77032
-1.77013 0.349338
0.123293 1.40601
-2.4797 0.533933
-1.17793 -2.41052
-0.289831 -0.515771
0.922865 0.544588
-0.7601 -0.40342
1.20135 2.20096
-1.62706 2.46307
0.813019 1.51486
2.56822 0.384001
-2.79629 0.292559
1.13373 -2.29855
0.969971 2.19188
2.50532 -0.913946
-2.03716 -0.396659
-0.454515 1.99172
-0.592336 -1.50408
-2.94294 0.46847
1.44362 2.12594
2.35432 1.04868
0.402193 0.871538
0.369526 1.67491
1.59511 -2.30852
-1.63893 -0.0921283
2.24591 -0.496693
0.588618 2.05608
-1.30286 -2.34475
1.43475 0.586043
-2.44619 -1.6569
2.29185 -0.0331291
-2.00996 1.68042
-2.81424 0.405409
0.639231 -0.645941
0.784102 -1.05696
-1.9111 -0.996931
-0.941901 1.01926
1.52385 2.48721
2.41047 -1.68409
1.04299 1.55552
-1.91065 1.27859
-0.32916 1.95551
2.34658 -0.0999652
1.38729 1.39163
0.987604 1.59488
-0.191998 -0.0431426
-0.058431 -1.43413
-0.650353 -2.86165
-1.06978 -0.0544531
-0.0509534 -0.236049
1.91009 -0.774568
-0.430192 -1.06627
1.59267 0.867423
0.0377294 -2.11697
-1.63002 2.39744
-0.268289 -0.138383
-0.353469 -2.60124
-0.721666 -1.22702
2.08709 -2.0023
-1.44392 -1.59108
-1.04739 0.254156
0.077117 -0.0687495
-0.926962 0.698017
0.00262297 0.172773
0.597281 1.89451
2.52908 -0.732365
-2.00954 -0.936632
-2.33095 1.83287
0.52643 2.89673
-1.35902 -2.46771
2.07967 -2.03153
-2.06242 2.08116
2.38179 -0.343465
-1.18395 0.351423
0.557281 2.17167
-2.02127 -1.43212
2.33557 1.63042
-2.89996 0.250058
1.42456 -1.3998
-0.750219 0.200934
-1.53335 -0.759305
-0.560657 2.77782
1.94017 -1.04463
1.55989 1.58449
2.01146 -0.618717
-1.12581 -0.904703
0.447524 -2.7007
-2.26369 -1.32849
-0.91759 -0.684531
0.171009 2.36269
2.81121 -0.36663
-2.43854 0.365915
0.162812 -2.07372
0.0446812 -2.7554
-0.705012 -1.39175
-2.07679 -0.760585
0.557458 -0.208744
-0.121297 2.21053
-0.00278977 -1.20052
-1.41426 -2.1489
0.402564 -0.265472
-1.86797 0.970825
-0.0982353 2.18596
-2.39126 1.30611
1.48394 -0.812672
1.41 -0.171502
1.95309 0.989315
2.5872 0.114257
0.695905 0.923947
-0.547082 0.0838733
0.40752 -0.759611
-0.43288 -1.76283
-2.17446 -1.66096
2.19442 -1.91475
2.03118 -0.292541
1.15364 2.17941
1.57004 -1.74919
2.0748 -0.381766
0.884192 1.96826
-2.16024 1.07782
-0.485756 1.60203
-0.390425 -2.46304
-0.538532 2.64963
-1.42227 0.707402
0.747991 -0.916827
-0.650502 -1.37643
-1.13553 0.276951
-2.66785 -1.19584
2.82653 0.547347
-0.0711881 -2.50735
-1.301 -0.252897
2.4205 -0.0891032
-1.73727 1.22615
1.86782 1.92531
0.280617 0.400918
-0.977424 -1.56199
1.91095 -0.807
1.33977 -0.71251
-1.05543 -1.35946
-2.24285 0.388213
-2.76697 -0.174509
0.204315 -1.73412
1.32176 0.14505
-0.621871 2.6645
-1.56975 -1.93355
-1.35319 1.01185
-2.25407 -0.669383
-2.63048 0.2746
-0.998064 2.68492
2.04588 -0.891268
-0.318741 -1.35867
0.622348 0.804688
0.675342 -1.3545
1.62832 -0.529077
1.30155 -1.33132
-0.802675 -1.1997
-2.12402 -1.92794
-0.66249 -1.93709
-0.492045 -0.410423
1.12062 0.788796
-2.23402 -1.6036
1.59053 2.20063
1.39314 -1.23323
1.75771 0.727004
0.725876 -1.06843
-2.48079 -0.869136
0.724878 1.1136
0.0763009 2.67608
1.27639 2.6531
-1.13417 -0.866072
-0.890881 1.99019
-1.40636 -2.58246
0.708636 2.40126
1.74515 -1.82173
0.63474 2.6665
2.17957 1.30125
-2.24544 1.01456
2.1045 -1.37316
2.7748 0.599857
-1.791 1.87934
-1.70443 1.81001
-0.200046 0.0857408
-0.699176 -1.25
-1.57554 -1.96402
-0.655943 1.867
0.0571984 2.77386
-0.00541089 2.4562
1.2334 -1.6809
-0.933875 -1.24849
-2.38241 0.290682
-0.921153 -1.48968
-0.984139 -1.56397
1.38858 1.3292
0.459076 -0.229565
1.84991 0.111867
0.562272 0.438397
-0.478772 -1.0131
0.0639665 -1.62168
2.1171 -1.30921
-1.4382 1.52028
0.278277 0.804201
2.74155 0.875353
1.72981 -2.42081
-2.79031 -0.335174
-1.0337 -0.545615
2.29434 0.558179
-1.6786 -1.10362
2.24245 -1.36142
-2.79864 0.333243
-0.760833 -0.319945
1.05266 -1.57979
0.773013 -1.2804
1.335 2.4846
0.61121 -2.77166
-1.89445 0.169964
1.17658 -1.48095
-0.335734 -1.83411
-0.0671515 -0.0673012
-0.361831 -1.69749
-0.671993 2.59762
-2.45645 0.575718
1.12755 2.30029
-1.77185 0.891697
2.33064 0.296603
1.77771 -1.12727
2.4006 1.76248
1.34386 0.0355136
1.30761 2.25653
0.00630329 0.394243
-1.81782 0.208482
0.0665412 0.261343
2.69371 0.256352
0.0174771 2.96448
0.565286 1.62261
-0.12633 0.355254
2.54177 0.00299247
1.44008 -0.160755
-1.28589 -1.14718
2.35838 1.11866
0.481426 -2.90124
-0.40696 -1.80226
0.146862 2.72101
1.5944 -0.209011
2.78786 0.657931
0.52502 0.194106
-1.64727 -2.49634
0.60101 -1.41687
-0.771154 2.39685
-1.37399 -2.17399
1.82776 -1.15013
0.280449 -1.99259
2.2733 -0.241856
1.89562 -0.870368
-2.52516 0.341023
-2.00303 -1.92416
-0.723767 -2.24845
1.40414 1.82442
2.21823 1.48795
0.428209 -0.248854
1.35716 1.86535
0.382991 -2.78507
1.32827 -0.828892
1.74637 1.45708
-1.54901 1.38768
0.354812 1.45177
0.687625 -0.681648
-0.924285 1.595
-0.13235 1.83778
1.40549 -1.91858
-2.16207 -0.38611
-2.01704 2.10522
2.9676 0.0930282
0.143286 2.51821
-1.30731 -0.465903
0.294023 0.457761
1.09325 1.52568
1.38762 -1.46285
2.18554 1.14813
0.416032 -0.460752
0.355989 -0.0515448
0.0501991 -2.41331
-2.51341 1.16903
-2.61098 -0.250079
0.589733 -1.8847
-1.90256 -0.167744
-1.81092 1.39838
1.85603 -1.25367
-2.53943 0.124695
-1.45275 -1.31502
-0.494341 0.664112
0.570473 -1.34731
-1.98407 -0.315852
2.38479 -1.80513
2.49392 -0.42542
0.316704 1.85651
0.151053 1.91377
-0.139763 1.83029
0.0668396 1.73069
0.468543 1.23706
-1.85523 -1.70442
2.17621 1.50928
-0.122079 1.34535
0.52988 -0.328209
-1.1918 1.7692
0.38824 -0.541134
-0.524913 -2.5458
-0.778293 2.60923
-1.68424 1.44983
-2.01667 1.97867
0.0891235 -1.24718
-1.75064 -0.5846
0.10137 2.25209
-0.470872 0.164503
1.0798 -2.55721
2.53382 -0.96882
-1.72449 1.20196
-0.361085 2.33829
-0.324861 0.118208
-2.82713 -0.288884
-0.877635 2.75325
-0.781715 1.03906
0.281548 -0.247902
0.627293 2.77653
-0.274141 2.68705
1.64952 -0.257593
1.53533 1.49831
0.225881 -1.97711
0.499235 -1.35466
0.196006 -2.70942
-1.11487 -2.07231
-1.04564 2.54005
-1.36071 1.01895
0.0403297 2.19429
-0.626211 2.6671
2.19474 -1.91277
1.50713 -1.12521
2.83873 -0.114376
-0.218578 2.1687
0.875139 0.831616
0.0639474 -2.49777
0.256891 1.24163
-0.523672 -0.950889
2.32294 0.78033
-0.0745674 -0.358527
-1.66486 -2.25039
2.4122 -0.9133
2.98964 -0.238523
1.02619 -1.51438
-0.130275 -1.37446
-0.58989 0.157874
-2.29342 0.491812
2.44054 1.59513
1.65895 -0.690633
-1.77109 0.468135
1.10622 -1.14818
-0.346933 -1.582
2.00579 -0.561894
-0.367719 -2.31254
-0.403123 -0.25563
1.54238 -0.251695
-0.104575 0.668207
1.52777 2.44591
-1.97847 1.88004
2.21593 1.68364
-2.03336 1.75057
2.07359 -1.89409
-2.13659 -1.66477
1.25759 1.4077
1.23768 -1.14226
-0.678979 0.292899
-0.00517001 -2.1109
1.59291 1.36121
-2.39545 -0.322261
0.0246357 1.63872
-0.403936 1.18687
0.649721 -2.74577
-1.5997 -0.471695
1.72848 0.927462
-0.363946 2.63129
-0.14251 -0.0249279
-2.07639 -1.5188
-0.336854 -0.446798
-0.0497786 -2.58178
-0.826362 0.599206
-1.41211 -1.31794
-0.423461 -1.71256
-0.835193 -1.83792
-1.76866 1.66551
-1.00278 0.0885115
2.92993 0.186854
0.818408 -0.906622
2.29965 1.0707
-1.38717 -1.75977
-1.4687 -2.0179
2.27243 -0.924506
-1.17143 2.42884
-0.723686 0.306732
-2.21929 -1.34848
-2.75409 0.791185
-2.07833 0.814294
-1.19223 2.54379
0.253044 -1.58348
0.878134 -1.62929
-0.520338 1.64775
-0.087328 2.10961
-2.16842 1.19209
0.780737 2.76268
0.232743 1.09502
-2.21761 -1.45038
2.33251 -0.299142
-0.154735 2.86538
-0.739145 0.354283
-1.17823 0.184047
-1.10341 -1.26629
0.683302 1.29163
-0.406603 1.24028
-2.19277 -1.96295
-0.962132 -1.96331
0.938326 0.457995
-1.8545 1.61052
0.944674 2.47756
-0.915354 1.70513
1.04797 -2.23947
-0.610077 2.83549
-0.551112 -2.5015
0.0131866 0.479077
0.991322 -1.5632
-1.68896 -0.774374
1.24321 -1.7804
-2.83309 0.465444
0.449348 2.54227
2.41218 -1.66212
-0.632659 -1.89308
-0.137812 -0.0221655
-1.22023 -1.04175
2.44903 -0.00207778
-2.2566 -1.80834
-1.52351 0.320106
-1.95388 0.0986104
1.87259 1.86929
-2.47346 -1.25007
-2.84115 0.101094
-1.33965 -1.90601
-2.20144 -0.324033
0.0208797 2.88377
2.40055 -1.06569
-2.26509 0.412004
-1.56555 -1.05175
-0.314704 0.191582
-2.77668 -1.12014
1.64004 -1.91764
2.16643 0.628373
-0.350187 1.09377
-0.183467 -0.958069
-0.73785 0.690808
-0.719194 -1.28714
-0.218433 1.00972
2.21974 -1.51978
2.08137 0.752044
1.45895 0.0342418
0.980092 -1.5684
-0.687053 1.76913
-1.96721 1.80542
2.37016 1.45906
1.72316 -0.418534
1.28094 0.536388
0.919489 -2.09305
-0.867876 -2.29495
-1.69188 2.2507
-0.69951 1.09221
1.63849 -1.3181
2.02077 -1.46345
2.75159 -1.11524
1.37287 0.581311
-2.51954 0.241336
1.10489 1.73169
-0.63249 -2.4668
-0.859301 2.65553
-0.436577 -1.48437
1.66617 1.99045
1.703 -0.444967
1.78295 -0.373119
-1.1123 -1.67953
-2.65029 1.03575
-0.963668 -1.16533
-2.52192 0.608822
0.283943 2.09688
1.35862 -0.329478
2.14966 -0.537122
-2.0816 -0.44274
-1.11184 2.71589
-0.984865 1.52556
0.292797 0.648081
0.864737 1.88892
-0.82142 0.100098
-1.68757 1.03986
-0.413441 -1.36346
2.05015 1.12712
-0.203479 -0.775008
2.69764 0.139153
1.17268 -1.06243
-0.214075 1.07458
0.337837 -2.79834
1.89521 2.31959
-0.219616 -2.10201
-0.612768 0.463311
2.25847 0.40708
-1.07072 2.46039
0.577137 1.93114
0.40557 -2.56765
-0.771876 -0.99134
-1.04542 -1.54812
-0.259125 -2.02861
1.44926 0.375587
-2.16905 -0.234986
1.27578 1.46821
1.5422 0.527025
2.54029 -1.19624
0.238373 -2.7278
2.44751 -0.488751
2.8863 0.13957
-0.7911 -2.43954
2.13534 0.441389
-1.54242 0.241154
2.32044 -1.06037
-0.637461 -2.01855
0.655578 0.861607
-2.61067 1.22512
-1.46393 1.17124
1.93657 0.791075
-0.666681 2.83917
1.42942 2.00749
0.190722 -0.50767
0.374507 2.3442
2.44193 0.151621
-0.386317 0.241607
0.0474898 2.01119
-2.31147 0.881593
-0.741519 -0.662357
-1.56932 -0.739504
-2.1264 1.65246
1.30528 -0.242051
-2.2891 -0.925258
-0.0531164 -1.15412
1.6977 2.17005
-0.597387 -2.83116
1.56226 -0.274016
2.34538 -1.76793
0.859841 -2.34423
1.55044 -0.89302
-0.402767 -0.0223222
-1.13449 1.33394
0.033537 1.87086
-0.537516 -0.0767018
2.09881 1.44239
1.91802 -0.411595
1.28532 -1.59374
2.21648 0.873008
-0.449924 -2.47482
-1.86563 1.85472
0.0206523 0.0931665
1.55383 -2.56401
-1.97689 -0.838287
2.18129 0.331624
1.75836 0.185739
0.690925 1.51922
2.40966 0.75007
-0.900938 -2.35128
-0.34823 1.54217
1.21995 -0.734551
1.99964 1.83724
1.91852 -1.39658
2.53926 -1.23874
2.0321 1.42676
-2.21776 1.99394
-0.426122 1.94139
0.688241 0.0723218
0.926351 1.46688
-0.186069 -2.82142
-1.15939 2.3547
-0.597477 0.9358
-1.664 -1.25301
0.967464 -1.50648
-1.42327 -2.58857
-1.27685 2.64423
-0.848477 -0.917963
-1.4163 -1.77339
-1.4532 1.28348
1.08087 2.59093
-1.49789 2.03431
2.5863 -0.359929
2.00146 -0.395866
1.15227 2.01805
1.45562 -2.32372
0.302172 1.19091
-1.49909 -1.45714
2.21098 1.52312
1.36662 -1.44884
-1.81838 -0.819268
2.19086 1.54873
-1.66442 0.615636
-2.23457 -1.98843
0.251358 1.03114
2.79244 1.07069
0.251822 2.0319
2.01236 -1.47518
-0.0644971 1.02825
-1.74876 1.14186
0.884667 -1.12673
-0.0606656 1.206
0.0102135 1.01307
1.98501 0.944617
-1.17892 -1.44505
-0.603788 0.498762
2.33516 1.73051
-1.50862 2.15124
-0.852241 1.49552
-1.62931 -1.32744
1.02687 1.04034
-0.797234 0.0728319
0.142276 -1.39426
1.28222 0.848398
-1.45597 0.839962
0.0722882 -2.92086
2.25098 -0.00613608
-0.367155 0.802732
1.89571 0.774355
-2.31019 0.116911
0.569808 -2.46323
0.565785 -2.87175
1.74727 0.252927
-0.573066 -1.97658
-2.02033 1.94043
-2.57609 -1.37625
-0.659147 1.65717
-0.606566 1.26611
0.0915331 1.33627
0.537659 0.786053
-1.15253 0.335904
0.812168 0.887009
-0.815482 -0.292731
0.527309 -2.04162
0.283685 -2.40468
0.735993 -0.862986
0.448193 -2.76002
-0.176826 -0.0128668
-1.74321 -0.713716
-1.12277 -0.334373
1.13541 -0.871475
-2.85739 0.90795
1.06484 -0.919657
-1.38677 1.96397
1.20387 1.21313
1.86946 -0.362641
0.157502 -1.27468
2.2938 -0.859361
-0.685061 1.59375
-0.630809 1.69135
1.93497 -2.22299
-1.61452 1.68579
0.409041 1.61931
-0.19403 0.57298
-1.17884 0.900548
-2.12577 -1.45451
0.237994 2.2716
-0.0824896 1.62886
-0.988624 2.0934
1.24872 1.71381
-0.710866 -0.307746
2.35734 -1.59819
1.72524 -0.0586689
-2.69179 0.91107
1.28291 -2.68687
0.307074 0.76224
0.871796 -0.993994
-0.360494 0.915633
-0.340984 2.4801
-2.75792 0.557817
1.24555 2.67381
-0.364759 -0.536543
1.47964 -1.99898
1.87671 2.18766
0.712433 1.41712
-0.304522 0.048717
0.742416 1.747
2.2263 0.265974
2.46988 1.62244
1.14545 -0.251051
-2.84301 0.861273
-2.55148 -0.490854
-2.92856 0.0777637
-0.370529 0.201698
0.102675 -2.07131
-0.767687 -2.40647
0.909012 2.67252
-0.892037 -2.70751
1.47275 0.904778
-0.24076 0.792632
0.966932 0.935911
2.33035 0.126679
0.560011 -2.04332
0.701573 -1.7634
0.277777 0.0766383
0.584357 -0.194848
-2.27508 -1.22563
-0.0563203 0.00126543
-0.175327 -0.24927
2.12215 1.00353
-0.463733 2.09967
-0.46438 1.92675
0.453091 -2.80798
0.747154 -0.346225
1.96947 -1.20139
1.9173 1.28831
-2.84494 -0.135626
-2.67794 -0.369379
-2.28421 -1.00478
-1.78931 2.22427
-0.0498094 2.0031
-1.48019 0.374207
2.63331 0.798057
-0.22254 -0.43606
1.89154 0.15141
-0.0162779 -2.28231
-1.55772 -1.73535
0.072115 -2.62035
0.425093 -1.30005
2.74987 -0.833794
-1.90119 2.26719
1.32429 1.77151
0.785027 0.0677095
0.217235 -2.55171
0.794623 -1.31798
-1.14558 -2.47397
1.3623 2.29397
-1.64699 1.59669
0.632291 1.18398
-1.22281 1.50541
1.19332 2.0677
-2.59035 -0.827587
2.37087 1.18233
1.14796 -1.01657
1.21413 1.99525
-2.03914 -0.0612505
0.705035 1.93479
2.47753 1.65613
1.79674 -0.623195
-0.0575203 0.482946
-1.78727 -2.09686
0.713704 2.35609
2.36463 1.68637
-1.84244 0.917487
2.71138 -0.513916
-0.797778 -2.23927
0.155151 0.366666
1.24053 0.0454931
2.32544 -0.467873
1.24631 2.04608
-0.689987 -2.5138
-1.37598 2.57423
0.607672 -1.1713
-1.37238 1.81282
-1.33069 0.798178
-0.4549 0.322892
-1.41638 -1.75848
0.685514 2.18923
0.797885 0.609146
0.105916 1.60072
-0.924524 2.38686
-0.872571 1.45928
-0.681325 0.771668
-2.18985 -1.54959
2.30478 0.598022
0.767072 0.0636227
-0.702232 0.166756
-2.26871 -0.214594
1.55736 -0.393359
-0.958963 -2.7281
1.91195 1.75581
-1.58623 -0.0940458
-2.10049 -0.879705
-1.61519 -0.246347
0.0994693 -1.80074
0.275037 -2.89271
-1.6109 0.0685159
-2.26663 0.566894
-1.29402 -0.755213
-0.387485 -2.66984
-2.20091 0.368944
-1.99915 -1.00373
2.43882 -1.74694
0.0907074 -0.181828
0.791535 2.38584
-1.97975 -1.40762
0.326257 -1.28807
-1.10472 -2.54073
1.86899 -0.575318
-1.99002 2.2264
-2.68289 -0.212351
-1.6347 -2.4829
-2.35392 -1.05699
1.71616 0.283777
1.23073 2.41145
-0.837073 -1.21748
-0.0657636 -0.147291
-0.0997965 1.05598
-0.43416 1.29117
-0.620572 1.68528
-1.14488 1.42488
-0.677479 1.33442
-0.477164 2.17361
-0.316614 1.02375
0.0623587 1.58043
-0.451931 0.205846
2.23418 -1.93435
0.285599 -0.778435
1.09595 2.20453
-0.160486 -0.281214
-1.47726 1.06328
0.656063 -0.876622
-1.25639 -2.20553
-1.22331 -2.66743
-1.71766 1.92818
-1.30837 0.962087
1.70517 -0.158755
2.36016 0.00407031
-1.8308 0.459334
1.42648 -0.323427
-1.39933 -1.14645
1.95575 1.60651
1.8633 -1.10152
0.988799 -1.66081
2.59573 -1.16446
-2.09599 -1.71214
-2.09136 -1.49538
0.0197296 -0.952516
-1.76872 0.999814
1.3703 -2.4056
-0.142181 -0.037962
-0.401113 0.51879
-0.750032 -1.04555
-1.41307 2.38397
2.29556 -1.47971
1.27051 1.8773
1.02517 2.72737
-1.59903 -0.503095
2.67488 -0.522977
-0.679812 -2.48278
0.715048 -2.25299
1.20393 0.381177
0.597354 0.876028
2.08628 -1.44286
0.0367382 2.12987
0.863439 -1.6478
0.624047 2.79383
-1.05843 0.534904
-1.33521 -2.06905
-2.81644 0.985212
-0.16139 -0.363866
2.81137 -0.588167
0.0213633 -1.94604
1.76037 -0.253615
-1.41155 -2.5244
1.06525 1.06882
2.36483 -0.308238
0.612691 2.92572
2.15613 1.33285
-0.614265 2.17859
-1.49602 0.938806
1.04085 -1.62954
-2.23948 -1.85397
-0.757776 -2.68303
-1.62431 2.41314
1.03487 -2.80877
1.93855 -1.12796
1.30474 -1.19074
1.2364 0.585001
1.48208 0.520571
-1.18241 2.68278
1.25676 0.859296
0.0521759 -0.740751
1.34617 -1.43026
0.448828 1.04365
-0.0733182 1.94725
2.9015 -0.267799
-0.679741 2.0451
0.713787 -1.80998
-1.84203 -1.14964
1.94832 1.7512
0.0230801 -0.457725
-1.32489 2.33014
0.1992 -1.46943
-2.18926 1.98313
0.114833 -0.123655
-0.0880867 0.996128
-2.52341 -0.927508
-1.83561 -0.452178
1.08676 -2.67062
-2.34649 1.8353
1.63373 -1.21183
1.56472 -0.0362598
-1.34898 -1.46965
0.75199 -1.77729
2.0661 -1.88427
-0.278785 -0.0747934
0.295688 -1.50589
1.26449 2.0819
1.84396 -1.46232
-1.01484 1.75714
-1.46354 -0.346321
2.17462 0.565056
-0.663371 -1.61498
2.34123 -0.792387
1.76755 0.0672565
-2.21018 0.723036
-1.12097 2.58862
-1.93983 1.17602
0.461899 -0.1359
2.43137 -0.273306
-0.268142 -1.16069
-2.43236 -1.46532
1.59885 -1.74803
-2.64398 0.155451
2.76449 1.07749
-2.97242 -0.246446
-1.33776 -0.635172
-1.89429 0.891685
2.81893 0.598772
2.78364 -0.830263
0.206629 2.2618
1.03258 -0.434708
1.17906 2.42741
2.63768 0.501114
-1.6141 -0.160567
-1.54902 -0.71235
2.73752 -1.16031
-0.184827 -2.66783
1.97812 0.311741
-1.01519 -1.66151
-0.107709 2.25414
-1.75152 0.318513
-0.080491 -2.3489
-0.690715 1.79027
0.786456 1.02531
-1.74626 -1.78058
-2.21458 0.90552
-2.67609 -0.224532
1.32228 0.267427
-0.445385 -2.36979
-1.94304 -0.489673
2.28365 0.916704
2.03912 1.8481
1.08888 -1.19584
-0.456356 -2.25184
1.18848 -0.669521
-1.17711 2.21792
2.1321 -0.729171
-0.414191 1.77643
2.49675 0.721743
-0.147345 -0.852288
0.356689 2.03729
1.60724 -2.52304
-1.36186 0.582817
0.70874 -1.31053
-1.64288 -1.45358
2.13024 0.198085
0.422191 2.39464
-1.24926 -0.507095
0.266503 0.239659
0.971381 2.22595
-0.513852 2.23254
-1.71245 -1.1309
-1.12533 -1.33025
-0.653784 -0.084617
-1.31285 -0.041915
0.343634 1.93841
1.15048 -2.59629
0.504805 1.77342
2.09008 -1.67019
0.0704046 -2.28513
-1.23954 1.44896
-0.232953 2.93646
-0.166961 0.235388
1.46354 -2.59221
1.15592 -1.68485
0.519254 -0.0956739
-1.00975 -0.632416
1.28676 2.46131
-2.89351 -0.467154
-2.78291 -0.824712
-0.368663 2.25907
-2.69898 -0.981015
-1.49918 0.0796306
-1.05643 -1.93969
2.47254 1.18514
1.99334 -1.76648
2.1802 -1.1688
1.07194 0.707184
-1.59184 0.115301
0.894427 1.89604
-0.46852 2.20312
1.88894 1.83545
0.333345 2.88831
-0.159325 0.971548
1.05067 2.47425
-1.38614 -0.995372
1.42832 2.33997
2.19032 -1.24072
0.708447 0.589822
0.464717 0.429507
1.00533 -0.39711
-0.242294 -0.0211421
-0.434709 2.06629
1.83094 -0.545719
-0.778227 -2.35369
-0.273651 -0.0160677
-0.586663 2.40339
-0.281276 2.88495
-0.792686 -0.61117
2.03813 1.84791
-1.69357 -2.38132
-1.56466 1.44303
0.0494257 2.76402
1.87871 -0.273177
-0.979171 -1.97898
-0.0832194 2.24367
-1.40244 0.795475
-0.490414 -1.00728
-0.825031 0.990908
-2.62166 -0.748198
-2.89979 -0.710911
1.65273 -0.639374
2.87463 -0.385486
-0.924806 2.13147
-1.83299 1.26052
-2.27512 -0.981633
1.50657 -2.42232
1.53177 -0.519892
1.76688 1.03042
2.81942 -0.378707
-1.07722 -0.137784
-0.851852 -0.826956
-0.458951 1.49078
-1.50534 -1.58012
2.35416 -1.69553
-1.99018 1.16041
-0.643934 -2.36093
1.53414 0.0783956
-0.0621843 -0.897807
0.330522 -0.43402
0.764359 0.980447
1.60729 1.41784
2.08485 0.38892
-0.123951 -1.90233
-2.55808 -1.17763
-1.04786 -0.326871
-0.0133943 2.0559
-0.726202 -1.7212
-2.63892 1.13233
-1.68973 -0.754925
1.74376 -0.13514
0.777069 2.86206
-1.60316 2.09336
-0.990667 0.22596
-2.3688 0.667842
1.3998 -0.015172
-1.15428 0.460261
-0.252234 0.660891
1.68074 1.80275
-0.979157 0.413518
-0.831655 0.0578883
-2.5694 0.936
2.10886 -1.90949
0.0680138 -1.90638
-2.45291 -1.63292
-1.77025 0.307962
2.62588 -0.909294
2.10212 1.20158
2.86557 0.565848
-0.312664 1.9779
0.680967 1.66888
1.75542 -2.11406
2.08878 2.07574
0.518897 1.96941
-0.690857 -1.04432
1.97941 -1.31374
0.0539841 0.273012
0.925425 2.03422
1.58841 -0.797274
-1.14892 0.818765
-0.309432 0.0394083
-0.766666 -2.42252
-1.17563 -0.579663
2.5301 1.30127
-2.87727 -0.174454
-0.249622 -2.6028
-0.0423975 2.82923
2.1731 1.6267
2.0512 0.882534
0.193385 -1.39218
-2.03417 0.220956
0.982248 0.696227
-0.0196598 -0.308571
0.839072 1.42974
1.97092 -0.0153716
0.990302 -1.61194
0.552364 0.0882154
0.367119 1.17844
1.64445 0.382461
1.33709 -1.3976
1.93036 1.94962
0.116782 1.56269
0.107434 -2.67835
-0.414395 1.84667
2.7594 0.262165
1.16899 -1.22791
-1.77161 -1.03725
-2.70064 0.890831
-1.31796 0.443961
1.17327 -1.23369
-0.918923 0.29987
1.87145 -1.97591
0.630692 -0.0823392
0.795735 -0.762251
0.161615 -0.373343
-1.05366 1.40336
0.177121 2.17957
-0.393971 -0.882083
1.79041 -0.429647
-0.042369 -2.91945
1.28933 -1.01158
2.43894 -1.36606
-0.541821 2.09702
-2.96477 -0.393784
-0.891129 0.54399
-0.170207 -2.47387
0.257053 1.27676
-0.339727 -0.634735
1.43693 -0.0381656
-2.00506 -1.47367
-0.365821 -1.36647
-0.338901 1.22343
0.909324 0.865851
2.16269 0.458583
-0.389135 -1.6365
-1.78272 -0.214818
1.21323 0.249247
2.16296 0.649719
2.02274 -0.930276
0.497543 -1.54001
-1.46092 1.55893
-1.80115 -1.90332
-2.17438 -1.93968
0.902354 -2.17485
2.2563 -1.62602
-0.63279 -1.56049
-0.424826 2.12426
2.2445 0.891244
0.361442 -2.50271
0.827691 -0.348002
0.406672 2.17825
-0.752489 1.45034
-1.17103 -0.0893944
0.982215 1.06004
-0.96761 -0.970787
-1.23698 2.61783
0.570023 -2.20978
-1.02576 0.539235
-2.64426 -0.332876
-0.477296 -0.842921
2.07339 -1.05335
-0.671262 -0.784109
0.54118 2.70907
1.87134 -2.22426
0.120697 0.982146
1.11708 -0.446787
1.37119 0.0102686
2.22553 -1.68027
0.117749 0.638884
-0.569141 0.701292
2.28177 1.43892
-0.864574 -0.693565
0.80145 -0.483377
-2.73984 1.07204
0.00768621 -0.892444
2.19504 -1.021
-1.73899 -1.80094
0.293539 1.7429
-2.50885 1.53015
0.938347 1.63577
0.0623516 -1.42196
-0.686104 -0.746462
-2.15998 1.01699
0.0386069 -0.284501
2.79488 -0.153689
-1.11588 2.52112
0.517075 -0.524067
1.97802 -2.00961
-2.14563 2.02644
-0.332667 2.62908
-1.82553 -0.186491
-0.68583 1.24545
0.705653 -1.9837
0.379647 1.13543
-2.15968 -1.70726
-1.63141 -1.3705
-1.2745 -1.47062
1.45217 1.85562
1.50301 1.91886
-0.514374 -0.0940996
-1.74887 0.672773
-1.81409 0.231442
1.28785 0.926379
1.06284 -2.47513
-1.28143 0.113132
0.26516 1.90565
1.78003 -1.79191
-0.456003 -0.919315
0.564305 1.92277
1.56169 -2.52163
-1.72606 0.401865
-2.66282 -0.995751
1.48574 0.967506
-2.79693 -0.972367
-0.770008 -0.80366
-1.39317 1.10815
2.26477 -0.177817
2.29984 1.60826
-2.22203 0.167734
-1.69811 2.30184
1.23623 -1.72496
-1.61087 -1.15067
-1.6606 -2.35822
1.30166 -1.7157
-0.937801 -0.942495
-1.07811 1.95633
0.42721 -0.118993
-0.541561 2.47312
-0.636936 -2.93156
-0.404566 0.380719
1.69522 -1.33282
2.27025 -1.19867
1.57768 0.803825
-0.140914 0.670451
2.25831 1.42914
2.15092 1.44418
-1.2282 2.35051
0.629735 -0.278508
2.11622 0.757738
1.76447 1.69966
2.02091 -0.423273
0.0799104 -2.35498
1.52479 1.19117
1.3525 -2.62133
2.35646 -0.773262
-1.14731 -2.7621
-1.99028 0.242898
-2.56426 0.13426
-0.730695 1.81303
-0.978047 -0.596529
-1.33176 -2.0929
0.863673 -2.54008
0.847277 0.75313
2.36659 -1.71347
1.43427 0.718804
2.52499 -0.566197
-0.880136 0.00621567
-1.0987 2.73508
1.03726 1.35118
1.91438 0.0575786
0.106377 2.61256
-0.179837 -1.75053
1.50396 1.04118
0.315877 -1.69798
-1.21411 2.41751
1.07932 -2.43426
-2.56141 -0.0801914
2.67058 -1.07798
2.23235 0.0703575
-0.13811 -2.60025
1.21972 2.4498
0.984655 2.44029
0.803353 1.48048
-0.897808 -2.51943
0.410923 1.70526
-1.87711 0.901338
-0.130393 2.76729
1.86369 0.0728907
2.759 -0.550719
-0.290177 -0.513759
1.63246 -0.137938
1.67089 -2.39972
1.93439 -2.26148
-1.72698 0.777369
-1.7712 0.986766
0.0106059 -0.673808
0.598377 -2.64935
-1.26947 0.78299
-0.790743 -2.249
-0.16234 2.50335
1.64128 1.69039
2.27227 -1.37622
-1.10512 2.22684
-0.649893 -0.567004
0.0824993 1.06484
-1.12812 -1.72006
-0.0163273 -0.368828
-0.200338 0.388303
0.33695 -2.04769
0.493974 -0.611584
2.18203 -0.104499
2.00655 0.207112
0.953338 -1.58258
0.0625609 -2.94233
-1.76298 -0.298203
-2.28117 0.138081
2.36257 1.79465
-2.9049 0.122347
-2.29866 -1.87777
0.187798 1.88035
0.215724 -1.15319
1.61612 -1.66753
0.972716 -1.21595
0.562918 1.90627
2.4884 -0.602648
0.0477404 -0.938685
-0.662648 0.695237
-2.327 1.26144
1.2374 -1.07981
0.613351 -1.49535
2.21503 -1.25393
-2.53244 -0.485645
-0.79507 -0.127396
0.0678265 0.255604
0.859368 -2.36942
-0.510285 -2.452
0.657267 -2.10613
-0.268361 1.02632
-1.83444 -2.03712
-2.16466 1.88882
0.130177 -0.525929
1.3226 2.6831
-0.353106 -2.12622
2.68532 0.334958
1.75776 0.651754
0.198159 0.259441
0.120713 -0.341776
-2.34768 -1.22815
-1.10197 -1.71417
1.16569 0.691448
0.824917 -1.85413
0.556371 -1.51026
-0.780243 1.4557
0.405946 1.64184
0.503122 -2.35472
0.636584 -0.0402154
-2.6982 -1.3111
2.32835 -1.71333
0.129263 1.64469
-1.20304 -2.37318
2.14396 0.988517
1.00994 -1.39992
-0.455068 -0.383727
0.986403 -2.68236
2.12106 -1.89806
0.287787 -1.74611
-1.74203 -1.30582
-2.8646 -0.137061
-2.58631 1.21926
-2.11736 -0.820354
2.78198 0.94315
1.95047 -1.27021
1.95097 1.32204
-0.0870209 -2.23848
2.33197 1.83867
2.68216 -0.87548
-0.439915 0.538085
-0.901255 -0.0103233
-2.2722 1.45102
-0.580088 -0.0154257
-1.31538 -2.48363
0.267369 0.250336
-1.97452 -0.236279
0.531001 1.05515
2.59075 1.30908
0.399433 -0.196926
-0.259831 -2.7442
0.088998 -2.99609
2.14085 -1.08504
-0.350671 -1.6043
-1.0205 -0.679062
-1.85999 -2.11328
-1.03305 0.577667
-0.165534 2.26443
0.983886 -0.822991
1.89551 -1.04723
-0.296248 -2.16959
-0.946543 -2.39016
-1.32963 -2.4244
-1.64864 1.11034
-1.04877 2.39815
-2.32937 -0.343351
2.49581 -0.193469
0.651356 -0.486391
-2.86312 -0.4763
-2.05939 2.09791
-2.83269 0.12986
-1.8525 -1.52425
-1.22599 0.0814566
-0.0772542 -1.48564
0.569281 1.44744
-1.54131 1.37696
1.60735 0.331088
-2.18302 1.23126
0.611554 -1.86605
-0.956853 1.73361
-0.124829 1.96502
0.386746 0.341736
-0.0686586 0.779005
1.16247 -1.92309
2.45234 1.17893
-1.42994 0.0769596
2.08007 1.93266
-0.00452359 -1.18962
1.48422 -1.51067
0.543554 -1.47439
-2.2383 0.299996
-1.71733 0.302952
-2.22694 0.872304
-1.17976 1.3934
2.80783 -0.940913
1.13502 2.70072
1.58884 2.52953
0.468821 -2.84582
1.31639 -1.7645
-0.302017 1.16524
1.99609 -1.22664
-2.24595 -1.91863
1.8664 0.0354553
1.7995 0.636309
-0.359323 -0.98143
2.415 1.58709
1.44789 -0.722655
2.01611 1.97228
0.30549 -2.97676
0.116498 -0.216318
0.133893 -0.852792
2.0843 -0.777833
-0.689365 -2.3931
-1.86466 0.435432
1.50247 2.00004
0.281481 2.51059
-1.81328 0.976772
0.561055 1.16965
-0.477193 -0.274199
-1.04412 -1.99844
1.14635 0.932298
-1.68912 -0.286267
-1.71285 1.4941
-0.260664 1.16615
-2.96536 -0.427293
-0.662848 -2.49722
1.10167 -0.442878
1.41404 2.35559
1.01494 1.60564
-2.40258 -1.56095
-0.455563 1.58648
2.75271 0.956112
-2.07532 2.04373
1.34695 -2.33081
0.379433 1.1767
0.244386 0.592798
2.44066 0.246525
2.33934 1.14708
-0.19663 -2.06009
-0.71058 -2.10319
1.8174 -1.80626
-2.41257 -0.724691
1.61251 0.112437
-2.27504 1.72727
1.18595 -0.181545
1.34167 -0.337162
-0.978435 -0.903097
-1.39937 -0.3937
-0.0583494 -2.45463
-0.64256 2.02108
-2.09943 -1.88189
0.548245 -2.93263
0.215231 -1.54624
-1.02561 1.62871
0.118305 1.86625
-0.800783 2.75389
-2.46197 -0.862441
-1.72089 -1.42271
1.1884 2.54738
-0.202862 -0.315402
0.68997 -0.534479
0.406272 2.89274
-1.72025 -0.203874
-1.25663 -1.4973
0.727019 1.76987
0.299142 -0.91782
-1.74797 -1.82245
0.313859 -2.67735
-1.24655 2.25091
2.12414 -0.512591
2.10502 1.52134
0.486383 1.47185
-0.355539 0.701875
-2.49419 -0.610289
-0.431893 -0.133285
-1.12386 -2.69665
0.0181938 -2.67182
0.116791 0.493511
1.4358 -1.47042
0.475716 1.14376
-2.74077 0.976219
-0.717181 -2.74929
-2.77627 -0.42827
2.36767 1.25413
-1.91425 -1.40981
1.86017 0.394576
0.385952 -1.63073
2.21252 -0.503336
-1.57975 1.75609
-2.15404 0.20552
-2.00414 0.249151
-1.071 -0.185771
-1.98165 -1.27225
-1.60138 -2.1418
1.99117 1.72196
-1.66818 2.25801
-1.07735 0.178887
2.02684 -0.548048
-0.724474 -0.204311
1.35026 -0.0191051
-0.6256 -2.07804
1.12375 -0.865638
1.83401 1.24894
-2.54306 0.51637
-1.90008 0.884936
-0.724516 0.778524
-0.901143 -2.38593
0.20098 0.135688
-2.67248 -0.558751
0.689911 -0.123968
-0.410021 -2.3119
-0.740155 -0.527388
0.969392 -0.768988
0.126807 -1.15401
1.10328 -2.5106
2.68415 -0.74419
-0.778184 -0.244178
-1.04453 -2.6036
0.896861 0.619287
-0.406667 2.20991
2.41946 0.755871
0.53392 1.16687
-1.86383 -0.887532
1.94431 2.01521
0.098398 -0.59343
-1.00201 1.15878
-0.881546 0.426313
0.859624 -1.34112
-1.32527 1.85356
-2.30181 -0.70915
-2.86406 0.16689
0.525627 -0.113462
0.391107 1.92158
0.447901 0.642604
-1.4538 0.455334
0.696336 -2.41599
0.394147 -0.949322
-2.65841 0.374891
-0.359297 -0.207488
-0.265298 -0.0186994
2.27967 1.23577
-1.11418 1.95017
-2.42988 -1.14333
-0.25189 -1.25433
-0.926783 1.48626
-1.54291 0.561393
-1.13683 -0.662863
0.349975 0.198347
2.82886 0.423951
2.65216 -0.39934
-1.64159 1.51753
2.27656 0.233527
-1.21845 1.5457
-1.27208 -1.28624
-0.253446 0.497234
-1.52303 -0.649298
1.3274 0.381531
-1.64094 2.4156
-2.51575 0.304654
1.60046 -0.241987
-0.742648 0.677607
2.17357 0.580034
-1.9948 -2.11259
-1.76407 -0.810601
0.803162 0.172996
2.40046 -0.608446
1.19343 -0.647422
-1.68466 0.0601054
0.0606394 -1.04098
-0.32272 -1.12749
0.746476 -1.23824
-0.359659 2.91768
2.83402 0.622987
0.833975 0.565021
-1.6833 0.16799
-0.0499122 0.770711
2.90973 0.0963352
2.02751 -0.00952504
1.48096 0.348004
0.568007 2.24539
0.229529 -2.64504
-2.16586 1.13398
-1.7057 0.821496
2.23216 1.89858
-0.328495 -1.88653
0.200751 -1.98472
0.0409286 -0.151664
-0.400838 0.849825
0.499141 -2.90622
-0.647246 -1.59087
-0.0703714 -2.14159
-0.936643 -1.39094
1.88486 0.752299
-0.515718 1.01932
0.673769 -1.28944
0.529685 -0.434743
0.733148 2.29848
-0.00998369 0.46457
1.50361 0.790047
-1.82639 -1.62635
-0.633591 1.49519
2.60306 -1.14053
-0.195389 -2.33298
1.34468 -2.37125
-2.49452 -0.987524
-0.232343 1.33473
2.00032 1.68384
-1.88121 1.55349
-0.167734 -1.10871
0.902446 1.68039
-2.7211 0.929561
-0.820091 -1.83734
-0.202916 -1.33879
0.701794 -0.509789
-0.514756 -1.0513
1.36577 0.476034
0.139069 0.36445
1.35009 0.160078
-0.689585 -2.76832
1.93973 -0.750151
0.429579 1.93525
-1.8144 0.0445647
1.84107 1.56364
-0.968282 0.394966
-1.84458 2.0097
-1.56026 1.5099
-2.57616 1.14383
1.11416 -2.63014
-0.0544237 2.5015
0.772435 -0.933922
-1.57155 -2.11583
2.53557 -0.886881
1.43946 -2.40347
-1.06682 0.629476
-1.45287 -0.773008
0.28026 0.873543
-0.39377 -2.8199
-1.19392 -0.769432
-0.484303 1.88493
-2.84464 -0.755738
-0.323986 1.99131
2.92435 -0.536001
-0.55628 -2.16587
1.18927 -2.17237
1.70231 1.08105
0.970373 2.71421
-0.817217 0.589555
0.8276 1.58701
-1.87882 -0.533804
0.535456 -2.04413
0.598423 -0.337482
-1.75573 0.11696
-0.90905 -0.50909
-1.42987 -1.28899
2.66185 0.0498231
2.98482 -0.124506
-2.16873 0.163322
-1.70752 -1.48717
-1.6816 -0.316038
1.4815 -2.32466
0.724979 -1.44855
2.71705 1.00908
-1.0658 2.36799
-2.18878 -2.04947
1.72445 -1.17609
-1.15343 1.60079
2.32259 -0.504027
0.438572 1.7114
-1.15064 0.834258
-2.62787 0.337896
-1.54294 2.31807
-1.45781 2.52072
-2.39299 -0.448173
-1.33083 -2.37406
2.5876 1.00377
-0.945468 0.69407
1.66076 1.14919
2.2471 0.938537
0.473257 -0.919355
-1.12538 -2.23119
1.66157 2.06786
1.53294 -0.611949
-0.54422 1.57945
2.06753 1.46706
-1.82478 0.425626
0.452787 -1.58464
0.587189 0.707199
-0.232118 -1.17451
-2.08056 0.121976
-1.00924 2.15207
1.97528 1.15336
-0.141428 -2.8601
-0.883095 0.494411
1.85169 1.39252
-2.10464 -2.04009
-2.73445 1.0823
-0.173094 -0.702972
0.0645331 2.85718
0.0170783 0.541364
-0.214985 -0.250884
-0.375911 1.68229
-2.17561 -0.395974
0.727472 2.14921
0.213293 0.244328
-0.323273 -1.60591
-0.302477 -1.99495
-0.450231 2.7538
-1.49354 -0.271613
1.6452 0.797608
0.167945 -0.982258
1.96041 0.195304
2.37051 0.670547
0.874085 2.85438
-0.361702 1.34445
-1.77924 1.10677
-1.29769 -1.15931
0.079927 1.34495
2.20612 -1.48693
0.458243 -1.14296
-0.83847 2.24275
-0.34656 -0.504507
-1.87897 2.25898
-0.0670693 1.48618
2.54985 1.47955
-2.06515 0.739265
1.45911 -0.211849
-0.816134 -1.13065
0.306357 -1.59965
-1.8054 -1.70681
0.249772 0.646756
-2.23451 -1.2744
1.73037 2.04806
0.732485 -0.329994
-2.58921 0.201585
-1.71376 1.02844
-0.582652 0.38974
-0.984735 -2.50434
-1.09365 1.62907
0.692692 0.650625
2.42769 -1.68471
1.79755 -0.131045
-1.18038 1.3207
-1.69413 -1.22828
1.60965 0.185753
-0.129681 1.86773
1.6542 -1.99296
-2.33624 -0.21915
-0.573871 -1.45008
-1.15605 -1.84031
0.338857 -1.31621
1.90906 1.08335
1.5826 -1.29401
1.95176 -1.6796
0.75902 1.81586
-1.45749 2.59883
2.33341 1.17066
-1.39965 -1.75284
0.224339 -0.716123
-1.95458 0.00853343
-0.959844 1.6107
-2.64799 1.06963
1.74856 -2.37944
-2.29656 -1.29184
-2.51567 -0.125093
-0.112034 -0.79971
-2.71833 -0.737479
2.27428 -0.883827
1.08216 0.651208
-0.912171 -2.53412
-2.78077 -0.166253
-1.7125 1.61465
0.0337913 -1.2286
2.34834 0.900541
-2.07726 0.171386
0.207096 2.10646
-2.37959 1.07025
-0.173069 -1.29163
1.83417 0.518253
-0.480641 -1.85604
-0.65524 -2.33595
-0.319456 -1.91824
-0.978966 -1.02418
1.07939 -0.460159
0.775118 -0.249574
2.59088 1.26768
0.617796 -2.38586
2.54036 -1.12832
-0.60587 -0.70237
1.98741 2.19708
0.647677 2.85618
-2.45515 1.22568
2.48304 1.61269
1.66029 0.0190004
0.690293 1.7531
2.19131 -0.705072
-1.64678 2.31718
-0.882239 -0.618883
0.630856 0.191946
2.3705 1.55845
1.3716 -0.755483
0.197973 0.349067
0.25382 -1.92987
-0.215236 0.771287
1.4786 -2.32038
0.267216 0.728087
-0.0504235 -2.04405
0.661753 -1.83442
2.41104 -1.56533
0.406055 0.786101
-0.487809 2.69392
-0.371739 -2.79071
1.98742 -0.217386
0.264927 1.52834
-1.50857 2.44491
1.2856 -1.21271
-0.903914 -2.72648
0.118513 1.39895
1.95894 1.25133
-2.26252 0.626573
-0.835825 2.68314
2.82756 0.165809
0.455871 0.0695686
0.388371 -2.49746
-0.106559 -1.93032
2.07848 1.4799
2.12729 1.5267
0.864852 -2.00267
0.405268 1.86226
-0.0749044 -1.95253
0.950428 -2.43684
-0.265826 0.512317
-1.80498 0.0554006
-1.5187 -0.947833
1.7432 1.98053
1.01071 -0.62842
-0.267324 1.62409
-0.73585 -0.882667
-0.401813 -0.939876
-1.9145 0.604343
-1.5536 -0.970929
-2.13003 -1.00845
-1.33931 -2.51011
-0.0646342 -2.70105
-1.32004 1.69462
-0.563871 -0.151196
-1.49196 0.271923
-2.29812 1.13169
-2.54748 -0.220401
-2.76877 -0.812023
2.0069 1.0397
-1.19601 0.462705
1.14932 -2.40002
0.501499 -0.402354
1.53825 0.189719
-2.94692 -0.177047
-0.84563 0.9315
1.28654 -2.39938
0.824713 -2.24782
-1.37546 -1.0882
-0.835154 -2.45521
-0.838237 -0.628779
-0.624592 2.39906
0.26598 1.23471
-1.09664 0.224127
-1.12239 -0.539363
-0.757659 2.28089
-1.52338 1.01456
2.01573 1.22004
0.0440218 -1.48929
1.79821 -0.999108
-1.85484 0.939978
-0.670029 1.8397
1.67272 0.30291
-1.08472 -2.77009
2.21451 -0.61744
-0.605825 0.842396
0.156219 0.124397
2.26256 0.697719
1.41826 -2.08022
1.75293 -1.58468
-1.10493 -1.39587
1.70307 -0.638942
-0.572213 1.61208
-2.20326 -1.06201
-2.08765 1.25908
-1.27371 0.772451
1.34864 -0.533657
-2.50197 1.20652
-0.578426 -0.795007
0.710345 -0.31326
-2.47773 1.01907
-2.01032 -1.40734
1.03759 1.95808
-2.54886 -0.861803
-2.10682 2.09255
2.92886 0.115826
2.96659 0.0556512
1.59136 1.14196
0.0178205 -0.302598
1.65067 -1.67033
-1.69514 2.03086
-1.38652 1.49461
-1.06151 0.130283
-1.04546 1.24043
-0.926091 -0.681549
0.7359 0.370565
1.13263 2.5983
-0.499143 2.91719
-0.361006 0.356678
1.9011 -2.15059
2.12953 1.72644
-1.97598 -0.56117
1.88489 0.0474557
1.76913 -0.890666
-0.0796019 -1.49847
-2.43402 0.36232
-0.166163 -1.55126
1.60067 -0.449243
-0.708511 2.0476
-1.92331 1.95346
0.941869 -0.579272
0.799011 0.693364
-2.65465 0.262404
0.012636 -1.01286
2.12901 -0.781434
0.477208 0.596751
1.62454 -0.874449
-1.60432 -1.8307
2.16944 0.504567
-0.90749 -2.58969
1.31207 0.0338862
-0.550741 -2.5437
1.89044 1.29729
1.08895 -0.858969
1.96117 -0.281325
-1.4076 -0.920953
0.164617 -1.30015
-1.37184 1.45065
-1.30608 -2.37993
-0.981064 1.44382
0.46388 -2.7641
-1.70985 -2.08817
2.6325 -0.686551
-1.53603 1.4662
-1.57166 1.13934
-0.407004 1.42874
-2.60997 -0.00487027
1.0316 -0.72127
2.2705 1.87032
-0.0946593 -1.21998
1.35976 -0.746387
-1.01775 1.23068
-0.0847522 -2.62783
1.7857 -1.01953
2.7019 0.675695
-1.2829 -1.24878
0.940516 2.8449
2.10892 -1.59764
-0.698115 -0.872869
2.62136 -0.82183
0.114173 -0.0526909
2.44084 0.35144
-0.895372 -1.40593
0.256199 1.78415
-1.61493 2.06684
0.0806091 2.87479
-2.28332 1.16639
-0.553678 0.191852
-1.52834 1.31012
0.344193 0.317545
-2.44276 -1.26814
-0.808454 1.05883
-1.72876 -1.26067
2.54584 1.372
-0.467769 -1.13981
1.63488 2.4062
1.39044 -0.331009
-2.23662 1.0391
-2.76909 0.663458
-0.958181 0.00307284
-2.47406 0.586508
-0.0736955 0.899028
-2.45478 0.171566
-2.0606 -0.122653
0.869443 -2.82477
0.694919 1.23808
-1.00702 2.58232
0.644178 -2.41557
-2.2013 -1.82134
-1.99383 -1.71918
1.29425 -0.958459
-2.56511 -0.853849
-0.106808 -1.6842
-2.13638 -0.735184
-1.50905 1.56107
2.58791 0.366631
-1.42888 0.193357
-0.225729 0.736955
-1.24513 -0.504877
-0.412289 0.451689
2.5213 0.128393
0.617178 -1.79384
0.618973 2.54045
-1.13184 -1.81152
-1.18135 0.141877
1.62139 1.51463
-0.40723 2.34573
-0.901369 0.701146
-0.874473 1.88433
1.88467 0.00760838
0.312062 2.23545
-0.189442 2.09683
0.403686 -0.608223
0.767456 2.84314
-2.2239 -1.5476
1.59705 -2.47049
2.26822 0.16556
-0.780719 0.428958
1.40791 0.0788179
1.09422 -0.672289
-0.0810787 2.9377
0.541288 2.69838
-0.866906 1.34718
2.06679 -1.34153
-0.428806 1.84177
0.243736 1.8268
1.58361 2.023
2.43692 -0.735968
-2.00629 0.194477
1.51942 -0.805675
-2.06859 -1.09262
0.0689904 1.65883
-0.507408 2.92648
1.94986 0.492446
1.22475 1.59565
-0.56072 -0.0503043
0.589741 -1.09664
-0.541513 2.5907
0.246394 -0.0207716
-1.62183 0.284298
-1.28051 0.832652
-1.06792 1.28835
0.806679 -1.40945
1.4134 1.96549
0.114363 2.81168
0.121307 1.60919
1.59382 -0.0383084
2.41455 -0.912491
0.0466375 1.42072
-0.0366321 -2.13201
2.03141 0.249311
-2.73283 0.441824
-1.19518 -2.48391
0.974872 -0.726746
-2.25502 0.909944
0.284445 0.551857
-0.570317 -1.07362
2.20398 -0.900147
0.920483 1.5382
-2.52521 0.303883
-1.53514 0.240691
0.393618 0.632837
-0.254047 2.53046
-0.549036 2.14647
-0.104367 2.98633
1.90605 1.78755
0.511565 -0.407183
0.876637 -0.280009
-0.15889 0.295847
-0.679108 -0.355589
-2.54325 -0.0158785
-0.827242 -1.00364
-0.242625 -2.74735
2.79557 0.744234
-2.17207 -2.01056
1.99753 -0.397027
-0.578711 -2.80969
1.66713 -2.40186
-2.4333 -1.65958
-0.76046 -2.08203
0.484355 -2.37858
0.756096 -1.75813
-0.43694 1.16005
-0.318908 2.84374
1.59913 0.465448
0.334299 -0.509072
2.01953 -1.12794
-0.0476435 2.87509
0.342377 1.81032
-0.0529615 0.163861
1.61736 -1.04784
-1.21162 -1.60956
-1.20443 1.40236
-1.83648 -2.15168
-0.411736 2.41912
0.752882 -0.712484
-0.560193 -0.608141
1.3773 -1.23447
1.74526 1.52874
0.928957 2.41971
-1.10704 0.187058
-1.35486 -0.30823
-0.732163 2.40453
2.20776 -1.78205
2.68464 -0.416062
-2.55843 -0.636058
-1.69893 -0.0171212
-2.33539 1.36815
1.25464 -2.40415
-0.966271 -1.08728
-0.79403 -2.82509
-2.02334 -1.31306
-2.67714 -0.484428
2.41483 -0.753875
-2.01028 0.970265
-1.4074 1.86497
1.24033 -2.57368
-1.76809 -1.01163
2.18669 -1.6034
1.43327 1.84513
-1.30349 1.4136
-0.408644 1.88169
-2.48481 0.687666
2.46448 -1.16889
-1.8389 1.42743
0.728354 -2.58087
2.03566 -0.182998
-0.165831 -1.88882
0.895715 2.14212
0.442236 1.29599
1.14895 2.32956
1.82211 0.730259
0.968038 2.67036
0.349577 -1.90249
1.63989 0.427605
1.10933 0.348695
1.9192 -0.101994
-2.71988 0.394028
0.720802 -2.67859
-1.62117 2.15901
0.5938 0.312731
1.27589 -0.228569
0.353058 0.202352
-1.78206 1.42005
1.82604 0.133112
2.51561 1.51928
-1.86887 2.04965
1.26872 1.79511
-0.145974 2.31291
0.935778 0.156634
0.879634 -0.346175
0.0590287 1.41978
-0.6026 -2.33655
-0.459729 2.75846
-0.581098 0.532461
-2.60645 -0.362056
-0.875606 0.487881
2.04698 -1.18664
-0.918403 1.40884
1.20406 2.30084
-0.721796 2.63876
1.73907 -2.0186
0.940118 1.98262
2.21491 -0.400305
-0.198907 -2.78575
0.581252 -2.86324
-1.28212 -0.270002
0.297762 0.392788
0.668269 1.07141
1.39493 2.07835
1.43707 2.34016
0.459772 -0.478633
-0.320385 2.33573
2.78829 -0.785115
-0.134151 2.83512
-0.759972 -1.17381
1.66359 0.349702
1.13199 1.08533
0.482962 -1.65114
-0.34366 1.3465
-0.341699 2.76894
-0.924294 0.842544
-0.653114 -1.52234
0.271661 -1.38369
-0.0125583 -2.86998
-0.478877 1.38785
2.72133 0.175005
-2.50716 1.22582
0.277089 1.73101
2.0501 -2.18541
-2.66474 0.286156
1.37689 1.28803
-1.87007 1.32789
-0.255072 2.35502
2.88211 -0.423679
0.0542665 0.134989
1.2105 -0.136756
-0.617526 2.25223
-1.59044 -1.26919
1.26774 0.668851
0.852835 -0.863999
-0.430133 -2.65477
-0.682421 1.91432
-0.584127 -0.13686
2.29556 1.32598
-0.56709 0.276728
1.9256 -0.610378
-2.70597 1.24566
1.66366 2.47702
-0.423421 2.53093
0.327517 -2.09311
0.904477 0.0465144
1.65942 -0.0170971
-0.487235 1.87657
0.523741 -1.00708
-1.946 -1.35757
2.09172 0.184949
1.33883 1.28613
0.0995266 1.80667
-1.51184 1.88542
2.04543 -0.952789
-0.159551 -1.84341
-2.45411 -1.61942
0.734897 0.166819
-1.9072 -0.78527
-0.514616 1.08756
0.170839 -0.659551
-0.217268 -2.23983
0.977776 0.0162316
1.41111 -0.362588
1.01694 -1.43514
-1.23259 -0.287607
1.49443 -1.86383
0.475704 -1.59931
-2.32772 -0.490509
0.929985 2.52583
1.72701 0.199038
0.64847 0.125419
-0.224334 0.729603
2.25364 -1.55237
-0.565407 -1.22967
-1.26961 -0.737791
1.60518 1.27441
-2.3603 -0.132925
0.87109 -1.351
2.39573 1.63288
0.841427 -0.97327
-1.90603 -0.958922
0.00899024 -2.18078
0.954974 1.89423
2.24255 -1.12606
-0.701994 -1.14324
-2.06266 -1.83729
1.47124 1.35625
1.30906 -1.12602
-0.598782 -1.26377
2.79347 0.266671
1.51152 -0.686918
0.631323 -0.254668
0.024393 -1.91315
-1.54929 0.617532
-0.047932 -2.60508
-1.80521 0.711998
-0.474316 2.15423
1.26675 2.32339
-0.497502 -2.68964
-0.630898 1.50662
-1.52231 0.793779
1.52214 1.86729
1.24691 -1.3933
1.97368 1.7093
-1.06122 2.47695
0.934207 -0.475057
-0.936529 -0.359107
-1.89174 1.13421
-1.29629 -1.66445
-1.43247 -2.25907
1.10663 -1.9151
0.878546 -1.10554
-0.172631 1.88607
-2.07545 -1.00357
-1.14909 -0.244541
0.404056 2.16893
-1.55662 1.30598
2.50522 0.753755
-0.426419 2.0127
-0.213917 -0.481519
0.2427 0.0682502
1.81305 -1.0115
1.24403 -2.22064
-1.17335 -2.44556
1.11802 -1.89891
-0.711559 2.04445
-1.4319 2.38886
-0.264047 0.410478
-0.701017 2.73617
0.200378 1.76629
-1.07689 2.10506
1.52852 2.04305
-0.344329 1.26372
2.51504 0.43425
-2.42039 -0.974895
0.221503 2.17083
-0.906047 0.457171
1.67694 -2.1645
2.04304 1.51624
-1.95524 1.27714
0.881836 2.23963
1.14432 -2.05065
-0.0972723 -1.40762
2.52051 -0.830564
1.12005 1.00503
0.689535 1.72794
1.84279 -0.0826772
-2.7543 1.05163
-1.43117 -1.00424
1.98212 -0.518503
-0.694184 -1.58882
-2.34033 -0.73023
1.42754 1.52183
1.36529 0.157857
-0.0758974 -0.482037
2.52868 0.57668
0.785336 2.79766
2.75745 1.10738
1.57242 -2.18196
-2.73979 0.34516
-2.81832 0.526074
1.00931 2.30029
-2.77139 0.203385
-0.799264 1.56562
-0.59385 -1.26438
-0.656609 1.26543
-0.0148888 -0.0724096
1.47434 2.08291
-2.00014 1.79234
0.0537589 -2.12109
1.1766 1.0523
1.1558 -2.1763
1.68924 2.12913
-1.46152 -0.998738
0.481423 -1.05573
0.426278 -1.77927
0.912317 -0.754389
1.11507 2.1111
1.85922 -1.93382
-2.00458 0.508516
1.40555 2.17393
2.35247 0.201247
2.65015 0.885776
0.445983 1.84617
-0.765344 1.0235
0.36146 -1.09733
0.0252192 2.98386
0.55763 -2.39632
-2.69563 1.07976
2.81075 -0.424144
0.409226 1.12386
1.05665 2.52048
0.125497 1.02371
-1.00877 1.06044
0.460133 2.76703
-1.98003 -1.2437
2.1387 -1.06981
-0.96703 -0.212092
0.216042 -0.828176
-0.143896 2.92859
2.07951 0.829749
-2.3585 -0.560251
2.66888 0.783643
-0.537383 -0.532216
-1.44471 -0.559895
-1.4019 0.0253585
2.72271 0.774723
-2.51652 -0.952171
-1.54655 0.248495
2.13001 -1.2885
-1.99045 1.04621
-2.01333 -0.865066
1.46427 1.8472
2.45041 -1.44197
2.13683 -1.26808
-0.140674 2.3297
0.940679 0.521036
-0.716568 -1.37738
-1.87162 -0.713737
1.48065 2.0604
-2.84109 0.89322
-1.93696 -1.06681
2.05489 -0.826167
-1.06875 0.626969
-0.923804 -1.72375
1.6514 -0.589981
1.6352 2.08548
-1.7335 -1.5136
-0.724756 -2.87399
1.93238 -1.29887
1.77352 -1.97722
2.01039 1.01327
-0.556359 1.78701
0.572978 -0.11595
1.73691 1.22262
0.478693 0.377535
-1.1519 0.815027
1.55309 2.33344
-2.61301 0.347346
0.281371 0.36989
2.3625 -1.71988
0.854944 1.8427
0.112295 -2.4242
-0.933274 -0.868363
0.243385 -0.105236
1.61811 1.47038
2.12452 -1.98212
-2.46353 1.6264
1.32506 -0.835288
2.61742 0.51241
-1.15113 1.33232
0.354655 -1.85609
0.682639 0.117762
1.34407 -0.451344
0.953493 -0.734359
-0.624117 -0.850822
-0.514585 0.924354
-1.3749 -0.70063
-2.29691 -1.33931
0.0624354 -1.19614
-0.428251 0.64396
2.0543 1.09331
-1.72669 0.481102
-0.675135 -2.41062
-1.17074 -2.41755
-0.132074 -0.84479
1.6965 -1.66351
1.48946 -1.79435
-0.534615 -1.02565
-1.21408 -1.44864
-0.8485 -2.36946
1.57607 -2.25421
-0.9074 2.35618
-0.424898 -0.0615186
0.776537 -2.13216
2.52422 -0.83262
-2.23456 0.930224
2.21671 0.825165
-1.53271 1.77358
-0.390598 -0.7488
0.621504 0.507696
0.247976 -1.31085
2.34189 1.62979
-1.88473 1.9045
0.711072 1.48433
0.366329 -0.650713
-1.90885 -1.46635
-0.0138356 1.42283
0.820069 0.733632
2.78473 -0.199315
-2.55768 -1.2657
1.32669 -2.31896
0.759554 -0.910853
-1.41714 0.672407
0.149186 0.971629
-2.09858 0.598333
1.51831 -1.37046
1.55482 0.838837
-2.34434 -1.03169
1.46065 -1.74695
-2.1839 1.77834
-1.2132 -2.09248
-1.58219 -1.96822
1.80059 1.35569
-1.06348 -0.241919
-0.306719 2.14998
0.900271 2.18441
0.398406 -2.00997
1.08417 -1.93721
-0.448285 2.1821
0.588787 -2.89278
1.67388 -1.07566
2.75392 0.0879105
0.6718 -1.77826
1.78706 -0.703026
0.457293 -2.3315
-1.66164 -0.741723
0.0259709 -0.8284
1.2598 2.18853
-0.2671 0.0632327
-2.86138 0.873651
-1.01745 -1.82162
-1.85333 -0.542952
1.66459 1.7344
-2.04238 0.892196
1.10815 2.05396
2.72995 0.673928
1.13692 1.07125
0.51949 -2.86031
-0.15907 -1.47622
1.61667 -2.50606
0.39435 0.499759
-0.827565 0.328999
-2.14051 1.47661
2.35207 -1.84945
-2.3413 -0.266258
-2.03559 0.974353
0.23596 1.77044
-1.50664 -2.5642
0.027583 0.882053
0.333578 2.68784
2.2994 -1.61489
-2.11564 -1.10469
-0.0874216 0.502046
-0.466402 1.32926
-1.06381 0.0540425
1.73955 1.1902
-0.454615 0.146963
-0.972606 -2.14505
-0.76569 0.241939
0.0462878 -1.12472
1.1043 -1.90662
1.03025 -1.56951
1.75129 -2.42847
0.0430683 2.20231
-1.75989 -1.89616
-2.17409 -0.901299
0.60366 1.87951
2.10663 0.278204
-1.85126 1.07573
-1.23469 1.1468
1.78093 2.31337
-0.178573 -2.84996
-0.0254596 0.509902
-1.53852 0.0694551
1.4591 -0.789489
2.3505 -1.72276
1.75387 2.28835
-0.389018 -2.70996
1.99398 2.08333
-2.13444 -1.9125
0.491904 -2.29661
-0.238799 -2.23902
-0.796979 2.38481
0.159393 -2.29429
-0.962957 -1.18117
-1.51817 2.0906
2.07439 -1.53745
2.68134 0.150248
-2.71185 -0.111369
0.601782 -2.43679
-2.92663 -0.219923
-1.48817 -1.84487
2.32276 1.11932
-1.02551 -0.15979
-2.34007 -0.141941
0.350053 -1.59003
1.45439 -1.27398
1.09985 -0.547988
-0.600894 -0.658107
-1.03791 1.26289
-1.90179 -1.90609
-2.33427 0.346402
1.54129 -0.033804
2.44389 0.992584
0.625617 -1.50356
1.02092 -1.6061
0.241324 2.12206
1.16965 -1.50465
0.491708 -1.92556
1.65405 1.16198
-0.706654 -0.716949
1.00959 0.80203
-0.469629 -1.574
-0.741518 -0.396219
-1.81386 2.16197
0.0991248 -2.55981
-0.246173 -0.910965
-0.223658 2.50092
-1.01699 0.30488
1.10218 -2.67388
-0.319927 0.449097
0.311532 1.9075
0.0697553 2.0744
1.89755 1.78676
-0.587767 0.899653
-0.713779 0.272926
0.784743 0.375332
0.203043 0.556667
-0.456223 -1.44861
-2.72254 -0.255485
1.87259 -1.18626
-0.434483 -2.81029
2.27558 -1.5973
0.714107 -2.43433
-2.76979 -0.0720139
0.3542 1.80042
-1.19164 -2.68897
1.52191 -1.89022
-0.924303 -1.45761
-1.25363 -2.24505
-2.16473 0.424973
-1.16508 -0.966232
1.79261 -0.048216
0.320888 2.76857
-1.16647 -0.230964
-0.587724 -2.76975
-1.82587 -2.23186
-1.0319 1.87183
-0.328995 -2.08929
-0.520092 -0.569597
-1.68687 0.853153
1.37299 -0.499397
1.89027 1.95076
-0.21804 -2.55641
-0.393311 -0.7245
-0.739018 2.02174
-0.786675 -2.70019
2.53945 -0.115267
2.44456 -1.4716
-0.641109 0.112592
-0.0238355 0.579705
-1.43281 1.55098
-2.48745 -0.755738
-2.00344 1.84652
-2.46673 -1.49032
1.70523 2.39592
1.30687 -0.34339
-2.21731 1.2308
1.44246 0.145104
2.18276 1.07435
-1.51439 0.649293
-2.46888 -1.03516
2.11729 -0.574995
1.04174 -0.454305
-2.76027 -1.17318
-0.18989 0.0456699
-1.97743 2.0579
-0.0581551 -2.14861
-2.81628 0.807224
2.50571 -0.257746
2.85611 -0.248618
1.75942 1.50078
1.46567 2.17155
0.095696 2.95849
1.98049 -0.597461
0.447865 -0.00687309
-1.98874 -0.904635
-0.633282 -0.289951
-1.00745 -0.753464
0.809129 -2.1297
-0.908189 2.52389
-2.94827 -0.357102
2.20407 1.44603
-0.865156 -2.74497
1.67609 1.12924
2.10924 1.58949
1.50274 1.0007
-0.770105 -0.973925
-1.78602 -1.88706
-0.78063 -1.92182
-0.804403 0.282667
0.395164 1.31396
1.80679 -0.448763
0.100334 -2.65738
-1.68904 -0.127055
-0.284563 -1.56039
-1.12191 -1.57012
-1.17951 2.42766
-1.86107 2.20325
-2.18543 1.30265
0.18194 2.28579
-0.947832 2.02345
2.52867 1.06773
0.261825 -2.77336
1.88813 -1.34281
-0.944273 1.3128
-1.70889 1.77287
-2.6007 0.591991
-2.04391 1.14863
-2.01796 -0.190931
0.876393 -2.62892
1.86162 -0.21622
1.33273 0.806335
1.52443 2.44026
2.07078 1.71091
-0.238494 0.541961
1.20229 0.835325
1.34835 0.961914
-0.33071 0.322732
-2.73803 0.0683637
-0.722321 1.40619
0.145262 -2.33309
0.420211 -0.874154
-1.4736 -0.215658
0.387867 1.14695
1.20709 -0.227516
-0.230572 -0.551463
2.61685 -0.0949613
-0.200712 -0.409731
-2.82915 -0.412613
-2.45469 -0.0830699
1.05742 -0.626232
1.64813 0.0477098
-2.46813 0.232737
0.217414 0.12114
-2.28661 -0.582575
-1.81987 -1.34157
2.56903 0.0391209
-0.449116 -1.77861
0.218539 -0.212348
1.2963 -1.26693
-0.972308 -2.67218
1.30905 2.22789
-1.78291 -0.922181
-1.09981 1.62748
1.14596 -1.99218
2.34056 -0.755065
-1.2153 -0.737682
-2.12352 0.450918
-0.206991 0.212995
1.38581 2.05323
-1.24584 -2.4016
-0.270419 2.84412
-2.24408 -1.10923
-2.1366 0.888924
-2.6822 -0.0662135
2.15366 -2.05673
-0.135158 0.622096
-0.905532 -1.61822
-1.27536 1.54118
2.91826 0.105631
2.07631 -1.28713
1.05043 0.197011
2.24426 1.91167
2.38878 -1.25138
0.901049 -0.7659
-0.871401 2.04813
-0.194157 1.89601
-1.78799 0.689075
-0.440351 -0.08827
-0.071802 -2.8013
-0.224134 -2.76941
1.2971 2.33709
-2.35685 0.0147413
1.80535 0.226836
0.493439 -1.9228
-1.35747 0.350241
2.47637 -0.370814
1.17253 -0.105907
-0.352845 0.423345
-2.67315 -0.480088
0.407393 -2.82381
1.1817 -0.80468
-0.370599 -1.17027
-1.13129 2.66685
1.69907 -1.86815
-0.614237 -0.435844
-1.19211 -2.57368
0.548451 -0.759254
0.223226 -0.445948
-1.11803 -2.53787
-0.246448 -1.15434
0.404637 1.5503
-0.789097 -0.485004
0.0139239 1.66587
1.56854 -2.09999
-2.2649 1.50253
0.566323 -1.1396
-1.05551 2.38113
2.03378 -0.851607
1.45241 -1.57604
1.1296 2.51365
-1.6226 -2.01951
-1.59464 2.27747
-1.25067 2.53213
0.586659 -2.43567
0.744446 2.89769
2.94279 -0.494241
-0.62171 -0.324322
0.600876 -2.63862
-1.46406 1.73301
1.01303 -0.109268
-2.64828 0.419593
-0.645935 0.260245
0.309703 -2.183
1.62492 1.15224
0.730526 -2.20005
-2.31941 -1.79237
2.27768 0.177665
-2.00006 0.250313
-2.56949 0.801094
-1.91535 1.10847
1.98177 -0.229725
-0.229252 2.3716
-0.511476 0.0140611
1.39188 -2.11054
-2.70936 -0.190025
-1.04431 -2.09824
-1.1713 -0.396932
0.151924 1.34771
-2.32883 -1.56541
-2.01909 1.32928
-0.080691 -2.73873
-0.254086 0.201524
2.13282 0.818481
-0.450295 -0.605474
0.375528 -2.69501
-1.75649 -0.972804
-0.374409 2.44424
0.900641 2.0253
-0.839411 0.351151
-0.68365 2.2665
2.3158 1.33046
1.68288 -1.31985
1.1935 -0.25602
1.87009 0.732696
1.6622 -1.02598
1.58513 1.80902
-0.901058 -1.16322
2.71151 -1.22278
0.0152026 2.12554
-2.09187 0.712442
-2.26185 -1.20495
0.12496 1.52426
-0.780372 -2.32346
-0.823308 -1.74661
-1.81278 -0.266145
-0.969897 -0.00292843
1.85064 0.102181
-2.30875 -1.40751
0.177667 -1.83281
1.12825 -1.45089
1.20348 2.10628
0.965243 0.480047
2.30241 1.30716
-0.647347 2.25815
-0.113405 0.691326
-0.554403 -0.4254
-0.470589 0.577459
2.48907 -1.0823
-0.201563 -0.449666
0.846338 0.0053379
1.03443 2.32891
-0.6468 -0.320131
-2.62582 -0.178108
-2.17951 0.91301
-0.299297 1.66755
2.15462 1.31591
-1.43389 -0.798999
-1.57802 0.324215
-0.0516049 0.422726
2.67843 -0.421026
-0.886526 -1.65267
0.235814 -1.2089
-0.972966 1.63077
0.5234 0.222427
1.68186 0.0799577
1.48271 -0.765538
0.533021 1.39312
0.71426 -0.270524
-2.15881 -0.735782
-2.41264 -1.42472
1.87558 0.927245
0.0412729 -0.722412
-0.364775 -1.81348
0.499903 2.07401
-0.0639965 0.90345
-1.09596 -2.72473
-1.22066 -0.981229
-0.133027 1.85731
2.03643 1.7284
2.79382 1.06918
-1.12001 2.76237
2.50915 0.713915
0.420749 -0.428372
1.42863 -1.04587
-0.325949 -2.42383
-0.505558 -2.89443
2.34104 -1.56974
2.90035 -0.237754
-0.382448 -0.918402
-1.51936 -0.562362
-0.189573 1.03448
-0.895359 -2.50875
-1.09537 -0.475498
1.62232 1.82236
0.914496 2.12267
-0.536995 0.467704
0.454643 1.08565
-1.47279 -1.96347
-1.58154 -1.41413
2.15393 0.889904
0.433386 -2.57506
-1.2394 1.29319
-0.759144 1.33845
0.594968 1.20855
0.96933 -0.201783
-1.44658 -0.804491
-1.64381 0.208176
-2.2519 1.18033
-0.342765 -0.547949
-2.0655 1.65163
1.75539 -1.60672
1.66092 -0.0248798
1.43766 -1.45394
-0.310347 -0.672119
0.344241 0.171354
-1.89608 2.13533
-0.928525 2.18043
-0.815119 -2.24041
0.78383 -1.03486
0.0979723 0.507906
-2.21729 -1.97943
0.966678 1.23065
-2.58961 -0.219943
2.08702 0.123408
1.20901 -0.361563
0.0964462 0.386861
1.47772 1.40217
-2.72488 0.297943
2.47843 0.965993
-0.95581 -2.40651
-0.0712337 1.37386
1.69992 -2.31878
1.6453 1.89505
1.60003 1.7941
-0.479486 -2.16877
0.0675669 1.68901
-0.448786 2.44688
1.04832 0.51785
-2.02089 -1.57486
0.0257884 0.534534
-1.80635 1.00934
0.482184 2.2877
1.40445 -2.46311
0.0802702 0.00387645
0.777929 -2.07262
-2.26329 0.404422
1.18619 -2.11811
0.63913 -0.227018
-1.62725 1.26781
-0.216114 2.63881
-2.66427 -0.196001
-2.75483 -0.915591
-0.815631 2.81408
-1.15502 -0.248505
1.54938 -0.682202
2.32493 0.460959
2.26913 -1.13168
-0.576973 -1.97883
-2.82573 -0.679302
-2.75348 -0.874447
2.51297 0.622643
-1.62334 0.286302
-0.494099 -0.580314
2.31521 0.0937464
-2.03621 -0.0519401
0.201654 1.41921
2.34504 0.614464
1.73372 2.07162
1.26899 2.18602
1.43006 -0.840749
2.12885 -0.0141866
-0.306267 -0.656666
1.60697 -2.01172
-0.314851 1.431
1.85569 1.74359
-2.46767 0.952283
1.75133 0.081137
-0.0775494 2.65293
1.64701 0.889882
2.71925 -0.905584
0.61946 -1.57051
0.0436219 -2.18813
0.76102 -1.41469
0.7505 -1.40956
1.09458 -0.0912733
1.88966 -1.49712
2.37895 -1.16104
1.37019 1.45692
-0.758791 -2.53754
0.759639 -2.0201
-1.51267 -0.569484
-0.92401 -1.34466
-0.623702 -0.789288
2.60704 -0.212336
1.12868 0.96262
-1.27957 1.57848
2.36842 -1.34129
2.65046 -0.732864
0.509708 2.63647
-1.97506 -0.200258
0.320155 -0.675152
0.849583 -2.60202
0.903285 -2.37621
0.909164 -2.73139
1.17322 0.633568
-1.81433 2.2901
2.2171 1.26506
2.89399 0.111807
0.923856 -1.95373
1.35966 0.0374343
0.688392 -0.849669
2.68667 0.356984
-1.6406 -1.22534
-1.65987 -2.20186
-0.419442 2.86794
2.00238 0.0714542
0.492811 -1.37685
-1.6283 1.23212
0.308772 0.727493
1.89445 -0.967562
-0.772334 1.25732
-0.967332 -0.72385
-1.34096 0.295149
-2.04173 -0.147938
0.994077 0.175866
0.324056 2.02953
-1.51136 0.888382
0.891134 -2.29272
-2.2583 0.951119
1.02845 1.89001
-0.13651 0.229984
-0.510341 -0.544998
-1.99413 0.392052
2.90132 -0.310271
-2.02943 1.75988
0.700997 -0.663805
-0.0407557 -2.10995
-2.25997 -0.667854
-1.11886 -0.716385
0.948616 -0.254203
-1.0872 -2.71656
-1.12982 -2.64497
-0.871122 1.77723
-2.38057 -1.56261
1.83287 0.535168
0.0476612 2.06247
2.07099 0.913047
0.840652 -1.36432
-1.00429 -1.09713
1.17211 0.17826
-2.40591 0.0809842
-1.15659 -0.218192
-1.05801 -0.18939
2.02714 2.1795
-1.98602 1.2354
1.7915 0.0651687
2.11853 -0.442729
-0.161677 0.302824
-0.534711 2.26646
-2.08951 1.69556
1.8928 -0.567481
-0.688005 2.11523
2.2639 0.434039
-1.04519 -0.300002
2.93185 0.0619431
1.09344 1.39145
-2.08156 -2.13616
1.97497 0.586053
-1.47995 2.45462
-2.77434 -0.450839
2.81977 -0.156854
1.46177 0.811832
-0.880771 1.23739
0.548848 1.6053
-0.748566 -2.82518
1.54887 1.78358
-1.09087 0.457588
0.101197 -1.05164
-2.46917 -0.514623
-2.29158 0.935729
-1.71212 -1.84917
0.0610731 -1.87623
-1.14238 -2.00935
-0.60311 0.604538
-2.55542 0.563226
-1.68451 -1.79536
-0.0451037 -0.615471
2.68623 -1.01736
-2.06586 1.01882
-0.884468 1.21956
-0.275141 -1.33104
-0.511709 -2.07207
1.52857 2.2491
-1.96417 2.17102
0.903845 1.7171
-1.13187 -2.38569
1.8792 1.9566
-0.337264 2.01707
-0.751152 0.476536
1.67951 -2.35269
1.07358 0.616154
1.80056 -0.93801
-1.49769 -2.57537
0.760096 0.501245
-0.725758 -0.977154
1.60411 -0.0447875
-0.699011 -1.17428
1.98736 -0.764006
0.755341 -1.90211
-2.31656 0.332552
0.0735243 -2.46793
-1.61965 -0.200794
-2.90892 -0.327854
-1.8181 -1.08596
1.60109 1.2768
0.230478 0.695904
-0.874428 1.70967
-1.89523 1.57706
1.60889 1.79611
-0.843104 -0.339473
1.893 -0.504413
2.46941 1.44835
0.53294 -0.974953
1.21413 2.47436
-0.12289 1.71799
-2.43371 1.17337
-0.210724 -2.51213
2.48423 0.0241249
0.609927 -0.97104
-2.47827 1.4147
0.393452 -1.98733
0.129967 1.91782
0.883013 -0.0212367
1.42424 1.81711
-0.222192 1.40381
0.248587 2.82602
-0.101823 -1.13729
-1.55646 -2.41698
-1.74593 2.1793
-2.26286 -0.393813
-0.799812 -0.538219
-0.253382 -1.22312
-0.0289355 -2.51056
0.802449 1.13171
-0.782742 -2.65939
-2.04826 -1.18215
2.45991 0.110373
-0.878637 1.55895
0.203218 1.84898
2.92003 0.641684
-2.11189 -1.38501
-0.674171 2.0615
0.887308 0.0915634
-2.51672 1.06854
-0.245468 0.548833
1.73456 0.638269
-1.04606 -1.70764
0.452719 1.12629
0.903536 1.76613
1.33715 -0.139276
-2.60906 1.12015
0.289784 -2.53503
1.43315 -0.0870585
-0.794704 0.445515
0.78356 0.629386
-1.48766 -2.5769
-2.42097 -1.46646
-0.581193 -0.404887
2.0689 0.668313
1.87561 -1.05529
2.01176 1.21197
2.76918 -0.23103
2.16559 1.90534
-0.200196 1.31748
-0.942834 1.89437
0.965321 -0.414012
-2.57906 0.788011
0.375764 2.26146
-0.345526 2.56773
2.13459 1.35879
-0.126997 0.784788
-0.724777 -2.05296
2.08709 -1.02771
-2.86358 -0.217733
-1.53359 -2.12817
-2.86286 -0.826626
-1.64864 0.396844
1.0125 0.980567
-0.871455 2.16023
0.490704 0.736683
-1.89975 1.44405
1.34527 0.656202
1.20686 0.97135
-1.16538 -1.93885
-1.43654 0.150192
-2.49748 -0.576646
-2.80434 0.658785
1.88121 0.711901
-0.207371 -2.57716
-1.15258 -0.0490301
0.0796301 -2.70207
1.49471 -1.37473
1.42843 0.75481
-0.14626 -2.73034
2.47045 -0.298666
-2.99791 0.0188214
-2.28883 1.80011
-1.68337 0.0593793
2.74882 -0.565241
-2.08547 2.10802
-1.66647 0.301802
2.45768 0.705758
-0.742579 -1.18517
1.47613 -1.79238
-1.20262 0.744058
-0.983372 -2.06418
0.483394 -0.929546
0.306874 -2.00757
-1.13468 0.178667
1.94405 -1.32464
1.4248 -2.62522
-1.35752 -2.32026
1.58046 2.30766
2.0332 -1.22645
-2.55115 -0.695181
-0.344142 -2.80529
-0.644845 -2.31795
-0.0304965 -0.0903465
-2.12125 -0.279191
-0.670834 0.835377
-1.17802 2.7585
-2.86661 -0.504634
2.34059 0.0427126
2.63676 -1.03303
-1.12259 2.37981
-0.335061 -1.9243
-0.644623 1.61503
-2.11842 -0.821067
0.403194 -1.06688
0.839591 2.50188
-2.2831 -1.86817
-2.03553 2.01405
0.922772 -0.467709
1.04376 2.49032
-0.704094 -1.1916
-0.298467 -0.980541
-1.83358 -0.761464
1.11981 0.858358
1.5541 -1.73552
-2.02434 0.598997
-0.610209 -1.67189
0.0304618 2.29369
-0.393518 -0.917352
1.47814 1.41254
1.14966 1.81488
0.601079 0.350727
0.581364 -1.64077
-1.16254 -0.581823
2.20799 -1.99721
0.229101 -2.4481
1.68069 0.613729
0.61981 0.179842
0.327415 2.66775
1.31354 -0.168552
-0.278232 0.665157
1.99066 -0.987221
2.43585 -1.7027
0.498341 2.19482
0.085744 -1.3673
-1.51842 -1.63346
-1.71946 2.12761
-2.50049 -0.272255
-0.0117931 -1.4158
-2.7522 -0.177097
2.51523 0.189019
1.27181 -1.78735
-1.82555 1.78708
1.24124 1.16542
0.302373 -2.39406
1.46958 1.83055
2.13205 0.0772178
0.472636 -0.881171
-2.90878 -0.143783
-0.80759 -1.15201
0.867306 1.29693
2.09833 -0.84035
-2.29018 -0.641053
0.105035 -0.915463
0.426289 -0.00476526
2.38905 -0.737794
1.46304 -0.404769
-0.44867 -1.15482
2.24752 -1.62955
0.965106 2.37452
-0.0659476 -1.97204
2.53557 -1.09804
-0.216831 -2.53558
1.66401 -0.976899
1.00652 1.04031
-0.307163 -2.52469
2.44962 1.00201
-1.38321 -1.57647
-2.52354 0.888704
2.19589 -0.712757
-1.97413 -1.60876
2.17639 0.47497
1.81214 -1.64697
2.4131 1.28069
-1.15907 1.38604
1.88109 -0.685839
1.39648 0.64478
-1.38331 1.7125
1.9626 1.05759
-1.01162 -2.41772
-1.76957 1.09211
-0.957143 -1.31001
-2.25038 1.54171
-1.87943 0.0133857
2.04843 0.0499133
1.73283 1.53824
-1.1127 -2.43518
-1.97707 1.70612
-0.531419 0.581418
-1.65671 -2.21123
-0.370195 -1.86743
2.72541 0.621042
-0.0970079 -2.90481
-2.02862 -0.111637
-1.50352 -1.92981
0.448013 0.429371
2.78739 -0.845721
0.47951 -0.313413
-1.94088 1.22372
0.446188 0.0147868
0.0301259 -0.860779
1.7911 -1.50482
-0.335188 -0.261642
1.64481 -0.641695
-1.53458 0.386409
0.608447 1.70865
0.876571 -0.588066
-0.61231 1.14102
-2.19449 0.997183
-0.0613852 2.60109
-0.868471 -1.06414
-2.91292 -0.553937
0.257647 2.97318
-1.21279 -1.37041
2.54348 0.118052
-0.460576 -1.59424
0.24348 -2.95289
0.443041 -2.30835
1.01181 0.105571
-0.864742 -1.6523
0.219002 -2.39627
-0.87015 -0.553241
-1.98379 1.14674
-1.65557 -2.03285
0.415432 -1.26669
-2.12653 0.303906
0.0759025 -1.66752
0.645637 -2.04294
-0.5386 -0.495559
-2.15418 -0.064317
0.657031 1.39396
1.10237 0.786237
1.74295 1.22486
-1.89421 1.83029
-0.13692 -0.637736
-1.45919 1.9764
-0.282547 -1.56651
1.21999 1.21211
2.84187 -0.0972635
-2.5282 -1.61345
-2.03172 -0.552371
0.733913 2.53343
-0.328264 2.22327
0.818973 -1.20189
1.30489 -1.62113
2.84995 0.830597
0.489193 -2.59883
-1.51918 -2.56793
2.66988 1.36641
2.3579 1.59938
-0.189833 2.0532
2.22969 0.672274
-1.70922 0.369639
1.79229 0.344515
2.00953 0.609183
-0.117623 1.01988
-1.69443 1.33638
0.437864 2.21316
0.625194 2.44079
0.475434 1.97325
-2.30624 0.966024
-0.892617 -0.25809
-1.76396 0.209187
2.26762 1.58848
1.66372 -0.338022
0.385614 -2.8579
0.504972 -1.30445
-1.06524 0.251767
2.8267 0.0491318
2.36185 -0.996551
-0.460581 -1.05477
2.4222 1.13138
0.892799 2.33159
-1.62222 -2.41114
-1.6593 1.3196
-1.98717 0.760752
1.47251 2.15538
0.593805 -0.702881
1.43422 0.720646
-0.67806 1.11577
-2.2956 -1.23663
0.39612 -0.452823
1.30537 1.68499
-1.08731 1.29933
1.37331 2.31491
2.70605 -0.850433
-1.44693 -1.6836
0.847063 0.238053
-2.09881 0.469748
0.0809698 -0.657727
1.73089 -0.0349402
-2.68593 1.08262
-1.02141 -2.21497
-0.273623 2.64854
1.55197 -0.881012
-1.4733 -2.10187
0.710076 -0.504848
-1.66899 1.81753
0.218694 2.38163
-0.0828968 -2.78575
1.9736 0.636322
1.37873 -1.60414
1.42016 -1.26135
0.118199 -1.42886
1.60945 -0.376049
-0.926554 -1.66537
-2.13135 2.07973
-1.45464 -1.78095
0.63271 0.502623
2.43577 0.182392
2.09351 -1.0809
2.26722 1.3632
1.28033 0.0954543
-0.736336 0.689478
2.52105 -1.31564
0.592486 0.0073908
-0.33924 1.31351
-0.265065 2.41861
-0.251323 -0.752869
-2.14012 0.447117
2.43354 -1.2905
-2.65519 0.575566
1.81321 -0.254905
-1.3475 2.66233
1.06342 -0.865971
-2.11463 1.89591
-0.4447 -0.980907
0.347248 2.57871
2.05876 1.51483
2.80767 -0.964514
-1.80176 -0.0171316
1.87362 0.0949326
-2.79489 -0.206996
-0.942851 -2.63318
2.8004 0.847693
2.51558 -0.125921
1.73125 -0.602937
1.34049 2.1984
-1.88049 0.192842
1.31133 -2.07892
-1.94459 -0.731085
-1.27845 1.6742
2.72684 -0.195542
1.51165 1.40175
-0.388618 0.612608
1.03611 -1.72417
0.472975 -1.82489
1.82482 1.36586
-2.49777 -0.283726
-2.55823 1.33275
-1.42522 2.10861
0.681586 -0.788561
0.124879 -0.881293
-2.48694 1.60602
1.27327 2.11033
-2.12325 1.14426
1.51777 1.53859
-0.435889 -1.62871
0.144619 -2.47664
1.96266 -1.85557
-2.61254 -0.317289
-1.36395 2.48031
1.91111 2.3003
-2.0353 -1.40215
-0.072274 -1.5809
-2.42847 0.00470492
-1.78149 -1.56194
1.43895 2.54539
1.21039 1.03543
1.51371 0.274445
-1.68586 0.243684
1.53008 1.90822
