-0.681162 3.50445
3.36585 -0.510421
3.6598 3.8806
-2.01899 -3.55295
2.46472 -3.93454
2.88124 -3.60272
-3.54013 -3.82519
-1.85704 2.52646
-1.31516 -3.60893
0.77061 3.11571
0.109942 3.11956
3.07582 -3.14542
-1.97166 3.0797
-2.93342 -1.05638
-3.35795 2.87957
-0.636117 3.13885
3.632 2.26293
3.62846 2.69217
0.547987 -3.82162
3.98814 0.749814
2.67547 -1.62656
1.74665 -3.4266
-2.6533 3.29422
2.56611 1.69721
3.74217 0.268053
-1.19864 -3.5022
-3.59192 -2.98269
2.92898 -2.89394
2.59673 2.86746
-3.07331 -2.79461
-3.55863 -0.199503
-2.73187 2.3383
-3.58385 3.03346
0.197851 -3.9884
-2.90105 2.41988
-2.76172 1.49811
-3.19064 2.92048
-0.0308681 3.84997
-2.98357 -2.53149
-2.5951 -3.32585
2.11922 2.20895
-2.96901 -2.83852
3.45416 -1.6116
-1.43118 -3.05438
2.50115 -3.0005
1.66562 3.01578
3.94331 -0.468344
-3.49527 -0.285099
3.9111 3.49377
-1.04404 -3.46955
-1.08134 3.77
-3.29605 -3.74007
0.877243 3.64627
-2.72382 2.72425
-0.329603 -3.51308
2.37191 -2.71478
3.36334 -2.12529
2.47183 2.06388
1.04188 -3.8111
-3.15379 1.01245
3.92222 -1.31578
-0.172777 -3.86919
-3.52287 -1.38043
3.22061 -2.37971
2.85764 -1.43942
-3.75064 -2.35188
-2.31549 2.04887
2.46271 3.53462
3.33203 1.5053
2.24232 -2.48811
-3.79534 0.83835
1.49672 3.37375
2.42318 3.43435
-3.07704 -0.0929619
-3.49986 -1.7004
3.33819 -0.510489
2.46101 -2.1821
-1.46901 3.00902
-3.9529 3.80944
2.80036 -1.90709
-0.497037 -3.90061
-3.68375 -2.11359
3.4272 -2.69132
-2.88652 -1.69994
-0.181793 -3.55329
2.02486 3.59992
1.24807 3.91854
-0.173972 -3.11441
-0.153978 -3.70766
3.73348 -1.66812
-3.75518 3.8453
3.68479 3.65017
-3.9347 2.71617
3.64617 -1.03303
1.22772 -3.40818
0.244448 3.98666
-3.82673 -1.65719
3.25588 0.788708
-2.44846 3.73088
0.991677 -3.16509
-3.78513 -0.277115
2.60512 3.86259
-3.96659 -1.47718
-1.03105 3.35397
3.02657 -1.4501
2.63927 -2.8925
-3.89118 -3.22095
3.79603 0.568078
3.33589 -0.0314351
2.58339 -3.86108
-0.707683 3.34842
-3.98592 -2.61387
0.66302 3.8752
0.662608 -3.03042
-2.96208 -2.74728
-2.7706 3.77005
-0.886753 -3.69903
0.234399 -3.88277
1.68632 -3.41675
3.47511 -1.60322
3.18602 2.19472
-2.28524 -2.4275
2.71197 2.08013
-3.42428 1.44611
-2.73711 2.89196
3.27711 -2.39718
3.99838 2.93475
1.34916 3.63684
3.0379 3.34986
-1.20382 3.66153
0.676142 3.848
-3.61269 0.851675
2.1317 3.33995
-2.93906 -0.924436
-3.21363 0.177745
-0.0547468 3.93925
2.62112 3.73938
-3.81531 3.70887
1.16585 2.96634
-2.69088 3.32006
3.41072 -3.09584
-2.29219 -3.05503
2.32426 -2.19123
-3.01132 -1.30933
2.6573 3.67926
-1.07857 3.2289
0.0351258 3.56683
-0.350752 -3.87074
-3.1703 1.48148
3.45644 -2.10325
3.67139 2.75786
-3.92913 -2.04395
3.90098 -1.46744
3.52677 2.38416
0.577735 3.25877
-1.8757 3.87785
3.00772 2.55645
-0.877837 -3.95069
3.04408 2.49755
3.02531 -0.949361
2.71977 3.124
-3.20378 1.8339
-0.205582 3.1009
0.881592 3.06395
-3.09633 1.59588
-3.49362 -1.66201
0.759543 3.55494
3.95996 2.03484
2.9902 3.98001
3.53779 3.98869
-2.76537 2.9105
0.979276 -2.87045
-3.64604 1.5709
-0.65989 -3.98195
-2.05971 2.61497
-0.0121818 -3.55822
3.17333 3.0986
3.72725 -2.59665
-3.2235 0.197065
-3.93766 -3.1962
2.65327 -3.65744
-3.76339 -0.00409511
-3.93714 -3.85653
-3.80615 1.09117
1.4838 -2.78794
3.12694 0.513688
-2.95832 -2.20159
-3.91434 -3.8184
-0.876522 -2.92517
-3.9001 -3.10017
2.63276 3.06264
3.21866 -3.04999
-2.55611 3.72352
-2.95936 3.55716
-1.08147 -3.13231
1.36365 -3.72984
1.41487 3.69007
-1.82746 3.61892
-1.53634 3.54112
-2.08545 -3.13119
3.54533 3.65469
-3.63473 3.46544
2.24395 -2.38396
-3.96245 3.21577
-2.86647 -1.89033
-3.18721 1.07055
2.51594 2.68561
-2.87435 -3.02711
-1.57838 -3.10977
3.44642 -3.13674
-3.03368 -1.33725
0.853098 3.41852
2.08453 2.32806
-3.3807 -0.678696
1.10681 -3.82529
-2.88206 2.96649
3.71994 0.601225
-0.0178501 -3.57803
-3.65475 1.55523
3.59546 3.54798
0.288474 2.98983
3.63434 -3.45333
-3.02249 -0.85227
3.53918 -0.282625
3.46893 2.0336
1.32011 -2.96946
2.67279 -1.54467
-0.857089 -3.74885
-3.84282 -1.15779
3.559 -1.2605
2.44585 -3.15607
2.22259 3.28221
-3.84704 -1.00169
-3.69909 -3.76044
-0.831233 -3.74923
-3.66966 -3.35407
-2.90785 -1.61398
-1.37206 -3.50795
2.3694 -3.42479
-2.54937 -1.61306
0.774442 -3.87844
-3.98994 -1.09938
-0.557829 3.14686
-1.97599 2.71306
-1.04933 -3.50431
0.76624 3.91823
-2.66954 3.72324
1.62629 3.95547
3.8951 -2.91339
1.44799 3.63556
3.91113 -0.688196
3.75574 -3.34147
-2.92637 -1.31534
2.60676 -2.90341
3.05603 -1.08054
0.836102 3.90708
1.23314 -3.7152
2.23848 -3.28398
-3.58256 3.34745
2.40687 1.84361
-2.13199 -2.82636
3.35339 -2.54786
-0.755603 -3.64089
-2.1448 -3.70265
-0.219776 3.70547
1.67078 3.48177
-3.4893 -0.952982
-3.36897 2.23715
2.22958 -2.57466
-2.25039 -2.28358
-3.20248 -3.27775
-3.83517 2.18725
2.98031 -3.54054
-2.56052 -2.47402
2.32311 -3.70536
-2.07512 -2.86879
3.94325 -3.71745
-2.84777 3.4711
-3.49541 1.98217
3.94367 -0.332394
2.98538 -0.541653
2.01041 3.86166
1.38454 -3.44755
3.12658 2.68724
-2.84771 1.09464
-3.8117 2.73216
-3.86064 1.89222
-3.37895 -1.27221
-1.47823 3.67598
-3.08641 -0.615421
2.83182 2.24661
3.67824 -0.343722
2.81427 1.19603
-3.34216 3.81849
-1.98447 3.04702
2.02511 3.50721
-3.16692 2.55086
2.34369 2.69991
-2.04604 2.60642
1.94939 -3.37509
-1.97873 -2.96637
0.82643 3.22579
3.92082 -2.69636
-3.78909 0.635377
3.98741 0.646709
-2.37039 3.40308
-3.07344 2.14605
3.18574 3.89774
3.70294 -1.46221
-3.58365 -2.14409
-3.65854 1.35401
-3.16223 3.77099
-2.22253 -2.63046
0.537901 -3.652
2.41792 -2.23709
-3.09172 0.447894
1.56396 3.52551
0.235424 3.56998
2.70969 -2.11452
1.10685 -3.45962
2.46777 -3.50058
-3.75545 3.25487
-3.40858 -0.373498
-3.7375 -2.71254
3.6918 -0.298298
3.54988 -2.33896
1.06159 3.90983
3.57197 -2.11804
-1.90173 3.1017
-1.78778 -2.54964
-3.89679 1.17993
-2.87672 -3.59013
2.64733 2.02609
1.32194 2.82971
-2.44292 2.35908
-0.512371 3.31098
3.15973 2.63557
-3.40482 -2.54531
-3.19519 1.07494
1.24571 -3.17327
-3.8231 3.17112
0.243507 -3.08804
-3.25273 0.523364
2.4739 -2.01408
-1.40586 -3.66659
2.47163 -2.97627
3.63609 3.31644
3.34893 3.69816
3.88396 -3.54142
-1.47942 2.82582
0.0211402 -3.87214
-0.373556 -3.05212
-1.72463 3.99061
-2.71326 1.98572
1.92858 3.91156
-2.01134 -2.70693
-2.62216 2.82983
2.2385 2.65057
-0.387923 -3.77343
-3.26722 3.86513
-2.63503 -1.60156
-2.85741 -2.14394
3.01478 -1.99243
3.85985 0.376637
3.69506 -0.732024
2.88424 1.02384
2.76116 -1.97265
3.48803 -2.32505
-1.87681 3.46299
-3.61296 -3.18734
-3.08922 -3.78797
-2.79146 1.4888
2.71727 1.92168
-3.51752 2.06549
-3.02906 0.825517
-1.46553 3.55
3.8513 3.35261
3.71346 0.158717
3.13417 -3.19394
3.48673 1.05187
3.44321 3.09685
-2.21196 3.85044
3.80825 2.19246
2.43523 1.84475
-2.82364 -2.02722
0.0741022 3.81448
1.42544 3.02562
2.96044 1.68607
-0.0534985 -3.89909
2.90139 2.58709
2.66634 -3.86241
1.26711 3.60883
-2.56226 -2.24998
3.08108 2.19317
3.33476 3.56747
-3.91802 -1.89045
0.988097 -3.79929
2.15449 -3.62154
1.48412 -3.56047
0.97547 3.42859
0.923369 2.93862
2.21666 -2.71458
2.66563 -3.19159
1.78064 3.10208
-0.0998736 -3.07921
1.68033 3.91517
-3.05479 -2.37612
-0.959977 -3.79069
3.58308 1.19753
3.43218 3.81512
-3.29696 -2.74441
-1.90425 3.14406
-3.06435 2.22818
-3.09683 -3.76468
3.10385 0.882369
-3.12026 0.742981
-2.41626 -3.12248
-3.09844 2.65407
-1.47743 3.81983
-3.68492 -3.15461
3.48088 -3.70468
-1.99047 2.69797
-3.23609 -2.92622
-3.42168 1.99553
-2.82692 3.21958
-3.17032 2.30651
1.64716 3.93099
-2.94659 2.3929
-2.92648 1.56253
-1.15527 -3.22208
3.76446 -0.10494
3.77968 0.554625
-3.69014 3.38456
2.5904 -1.89728
1.76231 2.84421
-3.9422 2.14608
-3.16573 -1.41837
2.44681 2.19988
-2.80203 -2.68977
1.3557 3.08028
1.03668 -2.86877
-3.17293 -0.976388
-3.35824 2.57852
3.52092 2.07313
-2.04879 -3.48222
2.95469 0.971113
0.134887 3.00426
-3.74419 -2.143
2.72164 -3.93031
-3.14801 3.45574
3.91011 0.663425
-1.67878 -3.0744
2.95146 -3.6035
2.2875 2.49457
1.11265 3.74861
-3.54318 1.04994
-1.68483 2.63903
-3.03255 -0.912382
-0.884016 2.90801
0.0393531 3.64998
3.06405 3.09065
2.99145 0.780196
-3.1949 2.13742
3.28308 -2.44591
-2.76213 3.45316
3.97419 3.88616
1.26192 3.35675
3.34856 3.92432
-0.539255 -3.92645
0.259333 3.77475
-3.6343 -0.128625
-3.31556 -0.441412
-2.90901 -3.49745
-3.94349 -0.151636
-3.98039 2.1562
-2.76614 1.35174
3.86938 -2.37921
3.24864 -0.985267
0.909822 3.68644
-0.64094 -3.77889
-3.37025 1.16807
1.13145 2.8554
-0.701417 2.9967
-3.25357 3.22193
-2.12301 -3.32316
-0.88337 -3.96057
3.82928 -0.177212
3.1479 1.06108
-0.571527 -3.94251
0.794463 -3.87753
-3.58729 -1.87075
0.948976 3.46189
-3.42736 1.78928
-3.69857 2.92862
-3.23917 2.03096
3.6427 1.50626
0.97387 3.81544
-3.87786 0.698929
-2.01622 3.69483
2.25889 -2.38957
0.485408 3.68923
3.18457 0.791802
-2.98824 3.23872
0.747989 -3.91837
3.02168 -1.21702
3.66959 -0.962702
-2.77544 3.33822
-2.05178 3.44418
-3.09653 -1.66556
2.7743 -3.61602
-3.31885 -0.262889
3.09654 -0.983205
0.721022 -3.48989
-2.63318 -3.81296
-3.74742 0.792209
2.68297 -2.95072
-3.96877 -0.579765
-3.5946 -3.86098
1.92916 -3.07642
3.40952 0.346377
-3.10476 -0.765798
-0.848958 3.12819
-3.87669 1.3361
-1.0895 -3.55903
3.07131 -3.54067
3.22057 3.0699
3.23183 0.284079
3.05375 2.32196
0.247928 -3.92622
2.52931 -3.9716
0.105388 -3.68632
2.67319 3.74101
-2.97927 2.44024
2.96888 1.90636
-0.558171 3.68913
-3.88616 1.96039
3.42388 0.589767
-1.0134 -3.24972
0.111501 3.99852
0.45381 3.42221
-3.73366 -0.437318
-2.18016 -3.71523
-3.01789 2.89605
-1.07298 -3.22494
-2.41445 -3.12826
3.53657 -2.53023
-2.26062 -3.65862
2.96816 -1.65021
-0.625826 3.89269
-3.05513 -0.823549
-3.11846 2.02713
3.10964 -3.11233
1.29426 -2.88683
3.94137 2.55588
-3.11043 1.19752
3.94017 -2.57972
3.82804 2.27885
3.26898 -2.82727
3.53929 3.92729
2.76149 -2.47782
-3.05259 3.06541
-3.36834 -0.893872
-3.91393 1.74841
-3.58509 2.67128
-1.62657 3.90288
3.92141 3.22779
3.82166 2.03346
3.68471 -0.343399
-3.47847 -3.53058
2.73147 -2.88855
3.86771 -0.237355
-0.171227 3.77275
0.214762 3.0678
1.56478 -3.91974
-3.82189 -3.11029
-0.194775 3.23194
-3.7341 -3.6837
-0.109129 -3.02647
-3.98273 -2.19708
-3.81588 -2.59721
-1.60354 -3.09418
1.72316 -3.54734
-3.24545 2.09213
-3.19983 -0.722724
1.84172 2.64615
-3.57037 3.90086
1.82876 3.88481
2.99481 -2.12983
3.35393 -1.22185
-1.12442 -3.73672
3.07491 3.69312
-2.28445 2.39105
-1.76813 3.34266
3.08179 2.69725
3.83291 -2.43201
-1.24407 -3.15104
3.24065 -1.44696
3.98209 -2.78348
3.90171 2.91664
3.43916 -0.372467
-3.0381 1.39866
1.56007 3.57487
3.24738 0.921184
1.81115 -3.09165
3.45701 1.14108
-2.28291 -2.26581
-0.00390765 3.26378
-2.3728 -2.09594
2.61668 -2.62983
3.07805 1.37948
2.6961 2.21082
-3.47936 1.3213
-2.15937 2.49418
1.94574 3.63406
3.89079 3.77212
-1.4414 -2.69044
-0.240526 3.89609
-2.24011 -3.42672
3.65072 3.1109
3.77283 3.99335
2.50597 -3.12141
3.97294 -3.42712
-3.88884 -0.860969
-2.74721 -1.45019
-1.64587 2.78745
3.69348 2.84446
-3.59415 -1.31527
2.93137 -1.60518
-1.37838 3.53237
0.316852 3.14903
-0.4653 -3.63205
2.65905 -2.14373
0.660703 -3.41522
-1.65746 -2.54435
1.85463 2.85328
3.11728 3.62456
-3.87044 -1.18826
-0.785737 3.29608
-2.95445 -0.827752
-3.89452 -2.70868
3.0838 -0.170542
-2.16967 3.13358
-2.91348 3.25412
0.688626 -3.48175
-2.86368 -2.81047
-2.66927 2.72286
-0.174304 -3.02516
3.42207 0.122407
1.69356 -2.7249
-0.591136 -3.81857
2.87783 -2.51796
-1.96923 2.70203
2.49591 1.78101
1.41163 -3.20764
-1.20871 -3.02102
2.66691 3.39135
3.01446 -1.40966
3.76396 2.29045
0.520156 3.29499
3.26199 0.736222
-0.424284 -3.81402
-1.65653 2.50307
1.96355 -2.31881
-1.6727 -2.99858
1.78166 3.47019
-3.1573 2.5102
3.10389 -2.43274
-2.27137 2.888
3.45719 -1.6147
3.90657 -1.31099
3.58802 1.9665
0.813869 3.88601
3.58324 2.03547
-3.01217 0.0798101
-3.83012 -1.43114
-2.65886 -2.03642
-2.91565 -2.76339
3.56008 -1.92208
2.88514 3.44104
-2.42963 2.20888
-1.51003 3.73235
-2.87377 -1.55062
-3.35315 -0.544243
2.42382 -2.85162
-0.360708 3.27368
1.41726 3.62459
-1.72047 -3.90432
2.63715 2.27239
2.74768 -3.11287
3.35288 -3.63612
-2.29696 -3.13485
-0.137583 3.20875
3.48478 1.09074
-3.34885 -3.63847
-1.05801 -3.73428
-1.30678 -3.40485
-1.8011 -3.50722
0.508363 -3.55416
0.876797 -3.74603
3.98537 2.52108
-0.97479 3.76271
3.62746 -3.47509
2.12113 3.37619
1.56443 -3.87115
3.38752 -3.34284
0.5236 -3.28276
3.33603 2.08464
0.474472 3.2845
3.60186 -1.79042
3.20647 -3.3303
-3.54362 -2.40382
3.58812 3.89673
-2.90261 1.44383
-2.92112 2.77535
3.28807 2.51714
-2.9505 -1.38481
-3.3118 -3.78857
2.85391 2.93636
-1.83562 -2.68552
3.8444 -1.21372
3.67823 1.78523
0.166792 3.05969
-2.99737 2.0999
1.90442 -2.40603
2.1509 -2.40105
2.23316 2.2009
-0.138208 -3.47405
-3.55272 2.09171
3.90912 -2.51769
3.19097 1.928
-0.184565 -3.09544
-3.1852 2.99622
0.387734 3.33717
-3.03629 2.61248
-1.13588 3.01532
-1.82539 -3.80576
-3.95481 -0.828283
-1.1124 2.90959
0.182114 -3.19849
3.78137 1.47043
2.40927 2.88815
3.96032 1.54744
0.834861 -3.61815
-2.5665 2.13837
2.80433 -2.94251
-2.91998 2.15032
-3.26907 2.50606
-2.76424 3.2776
3.4181 -3.70258
-3.37668 0.0192539
-1.09796 -3.42417
3.35173 -3.22609
3.95545 1.83231
-3.44219 -2.82286
-1.82662 -2.71283
-2.81207 1.3582
-2.7761 2.29823
3.39453 -1.19714
-1.59608 3.23063
-0.00101788 -3.21562
0.394757 3.4526
3.52201 0.970675
-3.78471 -3.65005
0.468955 3.86948
2.19204 3.65908
-3.40859 1.29697
-0.538977 -3.98804
-0.581856 -3.87962
-2.7231 -3.75583
-0.778233 3.66867
-3.41353 3.89688
2.88964 1.44457
3.63159 -3.97155
-3.83144 -0.344506
-2.23511 2.4194
-3.43722 0.189368
3.2129 -1.80599
2.73509 -2.94842
0.937843 -3.68761
3.45867 -0.169736
-3.9596 -1.20168
-3.88317 -3.01111
3.07624 -2.34405
1.98874 -2.76785
-0.0416163 3.93357
3.55602 3.88786
2.31309 -2.37563
2.42221 -2.04505
2.62125 2.7158
-2.50589 -3.16211
2.98591 3.02244
-2.20732 2.89447
-2.35106 -2.62479
-2.80046 1.53375
-3.89813 1.18349
-2.22569 2.38877
-3.79569 -0.744297
-1.53202 2.68472
-2.62263 -3.92134
0.0627384 -3.90543
3.00828 -2.71741
-2.35555 -1.87359
3.8894 -1.99105
2.17444 -3.24873
2.26207 3.2187
-3.35189 -0.865934
3.72977 -1.12991
3.49036 2.88028
-3.64819 -2.16591
1.49388 3.49806
0.147063 3.74262
1.00499 3.36133
2.23595 -2.90525
2.32983 3.07797
1.96438 -2.32246
-1.53861 -2.66662
1.82953 3.89658
0.768942 3.87531
2.81778 1.04573
3.46901 -1.91668
3.53154 1.92958
2.50721 3.39236
-3.01813 3.13986
3.76762 0.303394
3.92747 1.82191
-1.66184 3.18275
-3.63229 -3.3627
-3.65573 -0.953227
1.66845 3.12403
3.29407 -1.40082
1.44147 -3.80438
3.93959 -0.284353
-3.51972 -1.97138
2.76775 -3.91191
-0.541793 -3.7622
-3.80579 -2.73967
2.83509 3.49794
1.29206 -3.84731
3.81101 2.73544
-2.8402 3.20738
-2.61676 -1.55792
-2.98246 -1.91635
2.21482 3.19192
3.57427 2.85151
-3.23811 3.05343
-2.01988 3.4529
3.46778 0.453822
-1.34323 -3.46626
3.71383 -0.97595
-2.85284 3.53601
3.72569 0.972836
-3.53991 1.01374
3.49624 1.93934
-3.55371 -0.45931
0.981732 -3.59866
1.67879 -2.57109
1.29092 -3.00072
-2.30398 -3.8763
1.07536 3.58081
2.811 -2.49633
0.881881 -3.64673
-3.96247 -2.37985
1.0877 -3.52291
3.74584 -0.536037
2.18095 -3.49563
-3.45214 -1.02111
2.69971 -2.01604
3.34874 -0.621053
3.01649 -3.82309
-2.76332 2.63198
-1.85222 2.91555
-2.04275 -3.06754
1.18877 3.1256
2.87766 1.99034
-2.47825 3.41326
2.97885 -0.771956
-1.37631 -3.83998
-2.37573 3.41374
2.85816 2.15388
3.86457 -1.98485
-1.3798 3.27048
-2.7465 3.69606
3.95438 -1.34757
1.84397 3.8623
3.7346 -3.67963
-2.27679 3.73952
0.380629 -3.99019
2.23912 2.79884
-0.801257 -3.84433
-0.93841 -3.08212
3.5327 -2.37809
3.32244 2.07722
2.28843 3.98778
-2.32386 3.61818
-3.6926 -0.036694
2.27432 -2.81382
-3.29873 0.294873
-1.75169 2.90427
-2.07852 -3.54727
-2.34654 3.41889
2.982 -2.38624
3.99304 3.30857
3.31562 -2.28695
-2.96432 1.67786
3.59984 -2.59698
-2.1551 3.31787
2.05957 -2.42675
-2.34544 2.64768
3.11796 0.41123
-3.39221 -1.82494
-3.16226 1.02485
-3.23909 1.98187
3.90288 0.691294
-3.39659 -2.21518
3.27642 0.0222878
-3.67827 -2.25939
-1.84066 -3.8891
-1.60145 3.09148
-3.06203 1.90851
3.74782 -2.40654
0.279938 3.73346
1.5817 2.63833
-2.31226 -3.84841
-2.88411 1.42533
-2.92787 1.09181
2.75914 -1.82052
-3.81996 -1.43668
-0.0780115 3.87114
-3.11497 3.14955
2.24678 -2.37986
2.13636 2.64454
1.52576 -2.63225
0.414538 3.17932
-1.91908 3.43176
1.38639 2.73129
3.60553 -3.00243
2.45526 -1.73462
-0.466718 3.90448
2.9877 -2.4022
-3.95097 1.2881
-2.85606 1.60388
3.06429 -1.93153
1.08866 3.91054
-3.19352 -2.8871
-0.377412 -3.27226
1.63455 -3.60386
-0.346062 -3.73342
1.50356 -3.38378
3.57909 3.18059
-2.37831 2.54043
-3.19529 -2.49418
3.35397 -2.71945
1.61772 -2.84954
3.19451 0.99272
2.97199 0.620582
-3.58362 -3.43506
-1.99896 -2.70077
1.86916 -2.5153
-0.214556 -3.43477
-3.81774 2.51352
1.19539 2.80512
-3.6965 -3.51349
-3.89749 0.62822
1.67374 2.68785
-3.96607 -2.13891
3.98563 -2.02368
-1.68508 -2.73005
2.61246 -3.49252
2.43948 3.58469
3.01021 -2.61381
-3.52833 -1.19647
1.25652 -2.97339
-3.59946 -0.854336
-3.46782 1.83934
-1.70894 -2.83174
3.77996 0.944084
2.52623 3.98876
2.18702 3.6258
2.7922 -2.36896
0.303542 -3.85775
1.58801 2.56698
-2.19254 2.52928
0.836046 2.95806
3.18676 0.668181
0.752917 -3.04229
3.09993 0.0269518
0.19264 3.28039
0.230053 3.63231
2.1095 3.89524
1.53931 3.8845
-2.65167 2.75439
-1.43347 -3.85433
-3.4072 -0.807054
0.0121604 -3.29219
3.41541 -0.814825
2.501 -2.06477
3.87735 -2.76225
3.71711 1.26819
-0.811352 3.52487
-3.46946 1.06528
-3.87816 1.26125
2.6315 -2.3066
-2.88904 2.6503
-2.62799 -3.78887
1.657 3.71775
-1.75717 -2.69852
-2.63161 -3.55167
-2.95902 3.44145
-2.97165 -3.64189
-3.42089 -0.344826
-0.00400379 3.43006
3.85726 0.0617193
-3.8222 3.24677
3.05544 1.20998
-1.67916 3.28187
-3.01557 -3.23569
-3.97174 -1.25481
3.12529 2.10561
-3.95233 0.192621
3.51063 -1.5446
-1.57333 -3.42756
0.781483 3.41688
1.8676 -3.93031
-2.43442 -3.53683
2.99352 -0.832256
3.63054 1.20867
3.15601 3.98545
-3.87605 -2.84538
3.8894 -2.52232
-3.59453 -0.967205
-3.0862 -2.98993
-3.36029 2.51037
2.88671 -3.44005
-2.63149 2.64225
-3.75555 -1.30143
3.02446 -1.17534
-2.87789 1.89897
-3.21586 2.64505
-0.392707 -3.35483
-2.95962 3.78051
-1.9161 -2.49131
3.64951 3.44767
1.68187 -2.6785
-2.81055 -2.44259
3.38885 -2.69912
1.31402 -2.97308
-3.65197 -2.68913
2.92959 -2.7506
-0.829304 -3.8259
-1.36726 -3.93475
0.636107 3.3772
-1.08708 -3.70133
2.98017 2.34369
3.26265 3.37626
3.58202 -3.5492
-3.09527 0.953196
3.35957 2.35677
1.89047 3.82123
3.88049 2.69153
1.18275 3.22807
-2.65247 -2.87843
2.92634 -3.82738
3.34455 -3.15611
-3.24437 3.51644
2.07618 -2.81994
-3.56825 2.00967
2.18657 -2.59418
-3.5843 3.74577
3.1733 3.11276
3.14836 1.96874
-1.27554 -3.74755
2.44971 -1.96689
-2.99241 -2.55213
2.90334 2.79172
3.91245 1.66554
2.37238 -3.16441
-3.54031 -2.1081
-3.1465 3.56783
-2.88442 0.835707
1.20571 3.99795
2.39686 -1.93649
-2.18166 -2.53772
1.59731 -3.12038
-2.1221 -3.9411
-3.26078 -1.71991
2.7458 2.76567
1.78118 2.79268
3.11969 -0.443966
-0.498097 3.29762
3.21094 -0.75765
1.31222 -3.07765
2.9507 1.9609
-1.85292 3.41011
-3.73944 -3.06816
-3.10574 -3.48057
2.64969 2.07108
1.75696 -3.74345
2.87619 1.37581
3.34687 -1.4075
1.97235 2.69967
3.53089 -1.56868
-0.185112 3.22682
3.41904 -0.119744
2.34079 -2.99936
0.68058 -3.84502
3.95376 -0.505791
3.87338 -1.75805
2.15321 2.9927
-3.59158 -1.20807
3.65865 -0.193237
-2.45807 -3.46351
-2.56005 3.15307
-1.25074 -2.99435
-3.31061 -1.79567
1.64907 -3.89201
2.32549 -1.94675
-3.8844 -1.32509
-3.39911 -3.31024
-3.01034 0.645118
-0.957936 -3.56
3.42409 -1.11473
-2.30257 -3.06955
-2.23952 3.18672
2.88068 3.7471
-3.72839 -1.0134
-3.13973 0.191092
-0.431928 3.87758
-3.59925 3.59594
-0.768564 3.40001
0.872044 -3.82732
-3.74443 3.81234
3.39463 -1.50876
0.803012 2.93121
3.14903 -3.82837
3.46685 -0.809041
3.67208 0.501373
1.46467 -3.43352
-3.34574 2.62408
3.52123 2.68578
-2.41574 3.53129
-3.49647 0.209128
-3.59813 3.53925
-3.4055 -1.08933
-1.83208 -2.89996
1.01665 -3.97826
2.64349 -1.67322
-1.8016 2.61077
-0.396404 3.18835
-3.09257 0.983594
3.29805 -3.99736
1.11035 -2.87191
0.877331 -3.07313
-3.64261 3.49137
-3.72089 -3.55654
-3.75877 0.44198
-3.09984 -2.73222
-1.85725 -3.55064
-3.63958 -2.84409
3.05256 -3.47684
-3.33442 -1.91605
-3.91791 2.6369
-3.11031 2.88175
-2.3722 3.01342
-2.18535 2.61466
3.331 0.395982
-3.13986 1.18341
-1.58589 3.6924
0.717261 -3.41164
0.635942 -3.39688
-3.04777 -3.42591
-1.18759 3.25612
0.554316 3.37913
3.87149 -0.649859
2.80338 2.13401
-0.146703 -3.4802
-3.4956 -1.08111
-3.69326 -1.68285
0.226564 3.53608
-3.43808 0.596122
-3.27286 2.88344
-3.96392 1.66672
-3.14255 0.408872
2.75982 3.53336
-2.9026 -2.54808
-1.65091 3.71009
-1.97291 -3.28732
-3.46958 -0.553313
-3.34027 -1.85561
-1.45914 -3.76375
3.14689 3.53672
-3.84753 3.65622
2.70305 2.28613
-2.60834 3.87935
0.377936 -3.61199
-1.90046 2.41847
-1.87418 2.63442
3.34937 2.67312
0.911855 -3.2485
1.96383 2.5746
3.13925 -0.972577
0.246235 -3.25139
-3.19996 -0.415341
3.73775 2.91404
3.07581 -2.67802
2.66792 -3.21363
0.188971 -3.34691
3.49304 -0.39724
-0.870363 -3.87466
2.05923 -2.24581
2.85991 3.73782
-3.51176 2.7953
3.95528 0.0260336
-0.952552 -3.0711
-2.97418 -2.82837
2.74796 -3.53139
-1.55023 3.20891
-0.207208 -3.52748
1.63298 -3.86984
3.71314 3.31163
-1.13157 -3.89196
3.7689 -3.00614
2.9641 1.85619
-3.86418 0.451414
-3.62781 2.66569
2.72469 -2.1328
3.03653 -2.14902
-1.16399 -3.71702
3.50625 2.79075
-0.0123991 3.33961
1.47664 -3.28112
-3.95019 -3.55608
-3.90831 -1.33561
-1.16787 3.94339
-3.61923 1.02821
3.35675 2.67222
-3.21125 -2.69473
2.49662 -2.49808
-1.29408 3.03613
2.88931 3.05996
-3.83238 0.286318
-3.54664 -0.84729
3.76878 2.36091
0.778907 3.76467
3.91762 -1.35842
3.68835 -0.435094
-2.26944 -2.12748
-3.82159 -0.639323
3.10922 -2.13596
-3.5509 -2.69066
-3.36837 -3.48778
3.05443 -1.90657
3.89241 0.824696
-3.35808 2.17096
2.3691 -3.42618
3.64594 -1.16527
1.23671 3.6337
2.75141 1.86471
0.686092 3.75061
0.450904 3.70412
2.08102 3.22722
-3.3245 3.4227
-1.67146 3.72503
-3.22454 3.94333
-1.14312 3.21936
-3.55842 -0.650462
-2.88703 2.47204
3.33285 -3.7573
-2.42801 1.91664
1.34793 -3.10774
0.23657 -3.01973
2.01298 -2.96818
1.7761 -3.46334
-0.275694 -3.2253
3.18998 -3.39926
3.60728 -1.26306
3.63259 1.09089
-2.79724 -1.37791
1.95618 2.96531
-3.29141 -1.66165
3.68223 -0.284931
2.42698 2.54202
-0.966663 -3.03069
3.94529 0.205658
-0.593625 -3.69852
2.30198 3.20927
-3.54856 2.68242
-0.143401 -3.33064
-0.0927026 -3.85447
-3.85761 -0.176848
-2.43518 -2.03159
2.2541 -2.07577
0.817287 -3.27825
3.72827 -0.535906
1.00543 -3.47183
3.31581 -2.34144
3.01583 -1.40562
-3.51784 3.85526
3.78594 -2.98404
-2.43995 3.67579
-3.53543 1.20927
-2.18272 -3.84147
-3.42102 0.987498
1.28521 3.31081
-0.898911 -2.99519
-1.21906 -3.66597
-3.42564 -2.78006
3.60879 1.12699
2.72185 1.53329
3.76074 -1.79946
1.96501 3.16114
3.47816 1.73848
-2.74275 1.57577
3.6386 2.54537
3.98695 3.64652
0.401883 3.72388
2.75107 3.11386
-1.37682 -3.80544
0.341531 -3.76742
0.827901 -3.53948
2.14335 3.13849
-3.09758 -3.67832
3.25642 0.169069
3.15793 -1.21069
2.21558 -2.43868
1.58664 -3.90845
-2.94017 -2.58923
-2.03824 2.39003
2.84842 -1.82969
-3.90345 3.66073
2.22292 -3.54117
0.971967 -3.72422
2.20887 2.36622
-1.64996 2.50975
2.34703 -3.04688
2.1679 -2.33228
1.37849 3.10235
0.397319 -3.58942
-3.75666 -1.26517
-3.61123 0.912496
3.27666 -2.23363
2.89074 -2.02523
3.6662 3.4251
-2.53074 -3.6718
3.41429 3.93104
0.907914 3.05343
1.48941 2.64413
-2.7671 1.16782
-3.58377 -0.415934
3.46078 0.729609
-0.229177 -3.35047
3.23848 3.76799
-2.78573 1.94431
3.16672 -3.14032
2.96376 3.19329
1.09131 -3.28208
-3.74242 0.128545
-2.63442 3.1951
3.94996 3.61982
2.39202 -2.32338
3.44889 -1.47597
3.62255 -0.071279
-3.43202 3.13592
2.55322 -1.7149
-2.81509 2.48798
-3.46422 1.7708
-3.58373 3.98307
1.24055 2.77166
-2.67942 3.60238
-2.84988 3.70583
-2.62185 -3.81312
-3.07791 1.12991
2.42404 3.89995
1.0774 3.38971
-3.06981 0.860723
-3.82866 3.09485
1.83498 -2.77728
0.607505 3.99965
-1.50792 -2.70608
2.12597 2.93415
-2.37464 -2.48854
2.94785 3.89018
-3.58264 3.6064
-2.86263 3.03029
-3.90813 0.582631
-3.84951 -1.24955
-3.05216 -3.01782
3.35125 3.26687
0.734032 -3.90184
-1.93919 -3.18655
2.01373 -2.63263
1.24813 3.02991
3.92464 3.59724
-0.881241 -3.0935
1.30589 -3.52489
-0.182806 -3.36688
-2.93557 3.39485
-1.53128 2.74964
-2.68761 -3.55103
3.1705 3.73683
-3.93912 -3.78616
2.82906 -3.98495
-3.64013 -0.177928
3.60613 3.99809
-3.52784 -2.16366
1.44822 -2.8791
1.29021 2.86185
-3.99523 1.45824
3.38463 -3.86572
-3.85671 2.4714
1.958 3.54665
3.95304 2.76366
3.99081 0.70121
-2.55703 3.72679
3.44606 -0.320008
-1.27772 3.7396
-1.18991 -3.97381
0.905353 3.5196
3.1824 -1.85414
-0.874045 3.22493
-1.76294 -2.92654
2.69972 3.44189
3.06057 -2.83768
2.95679 0.521546
-2.28907 3.11789
1.00076 -3.62154
3.93143 -0.571742
-3.08378 2.65187
3.41602 3.80309
-3.98334 2.17473
-3.51469 0.86544
-3.21159 2.86657
-3.51914 3.86578
-3.90484 -2.02979
3.12397 -2.20605
2.6381 3.14232
3.01655 1.50844
-3.34727 0.293965
2.58789 -3.5037
0.181857 3.20222
-1.91636 3.44797
3.25065 3.12568
-1.34111 3.15075
2.83057 2.22811
3.68349 -3.06678
-2.34037 3.66585
-1.99422 -2.58536
-3.82494 1.35772
2.9313 2.4331
2.71049 2.23973
-2.72953 -3.58842
-2.61013 2.3805
3.36476 0.740041
-1.68697 3.39324
-3.86723 1.43652
3.42491 -0.586294
-2.26523 2.54686
-3.03438 2.74783
0.436056 3.63912
-3.24045 0.29379
3.61381 -3.63999
3.79864 -0.82337
-3.39649 2.87362
0.345342 3.62243
1.43817 3.06422
3.73502 -1.3051
1.23006 3.23539
2.37227 -3.2604
3.59974 -3.50179
-0.753714 -3.24813
-0.728136 -3.32995
3.58703 0.0591612
-2.97188 2.9325
2.8967 0.850681
3.61512 -3.01875
2.13732 -3.37474
1.87345 3.9943
1.85718 -3.20377
3.50455 -3.81198
-3.46457 2.86123
1.61191 3.16448
3.75463 3.20239
3.32434 2.83554
-3.89394 1.54473
-2.65406 -2.35652
-3.4936 -3.16708
1.9118 2.49426
3.11559 -0.467684
0.908692 3.58241
-1.87674 -3.60388
-1.70061 3.70912
0.91831 3.46752
3.51221 2.72217
3.95568 2.08327
-3.85648 -0.489047
0.955039 3.55408
-1.2224 -3.93847
3.8757 -1.91712
3.96811 2.06953
-2.24996 3.61861
-2.47656 -1.77075
-1.22448 -2.87557
-0.0157513 3.97295
3.59525 -0.596922
-0.603026 3.36183
0.774085 -3.95838
-3.27057 -3.82385
-3.12584 -0.994214
-2.78032 3.24325
-3.27388 -0.639587
-2.16426 -3.88703
-2.53093 3.48192
-1.7825 -3.92607
-3.53131 2.26121
2.41899 2.97457
2.9841 -2.06144
0.783194 -3.08294
-1.11801 -3.92899
-3.30019 0.968391
-0.415286 3.81013
-3.30267 0.769007
1.60905 -3.7377
-0.255096 -3.38459
2.96505 -3.02732
2.95434 -0.788155
-1.5897 -3.18766
2.97519 1.32791
3.95833 -2.30828
-0.286151 3.45404
3.11593 3.93608
2.52521 2.94148
-2.35875 -2.56249
1.84338 -3.48024
-3.1442 2.72692
-2.99686 2.36368
1.28221 3.95847
3.86174 3.90604
-2.92694 1.27956
-2.90359 1.50305
-0.791032 -3.31961
-3.46637 -0.840307
-2.5777 -2.84405
2.86816 2.39916
2.32215 2.36032
3.3681 -2.41351
3.93587 -1.75525
-3.17854 1.74577
1.42245 -3.71761
-0.254894 3.57779
3.13798 -1.95311
-1.38349 -3.89135
2.81399 -2.54539
-2.96453 2.05193
3.42735 -3.61481
-3.55288 2.96532
-0.267814 3.61365
2.94237 -3.14287
-2.91921 -3.4034
-3.20159 2.82147
-1.97046 3.07441
-0.471976 3.07518
-2.7868 2.16864
-2.0928 -3.23127
-3.74584 -1.57689
3.27695 0.472843
2.80643 -1.52901
-3.06626 -0.16586
-2.156 3.71521
1.37215 2.74348
-2.25707 2.54174
0.553951 -3.65527
-3.00945 2.92603
-3.65927 -2.02575
-3.70605 2.82131
2.73474 -3.5179
3.65874 1.51193
0.633738 -3.88053
3.55588 -1.37688
-2.7097 2.48678
1.85677 -3.13891
3.93533 0.02654
3.41339 2.66901
-2.14714 -3.54092
3.8771 0.136366
2.7161 3.04024
-2.05847 2.64014
-2.64704 1.73736
3.39902 -3.33556
-3.54906 0.445511
2.51823 3.77441
3.15267 -0.967306
-1.83951 -3.33289
0.292486 -3.44798
2.81456 3.16065
-3.7451 1.44727
-1.64171 3.27684
-3.34566 1.36668
3.37358 -1.48155
0.979131 3.89683
3.77499 0.92852
-3.0298 2.14598
1.51457 3.32115
-3.50607 -2.59586
-3.01094 -0.413167
-2.22909 -2.22501
2.86652 3.78912
-3.90466 3.14839
2.72646 -3.86487
3.10664 -2.78114
0.929015 -2.97463
-2.04126 -3.66601
2.77369 3.40742
0.679328 -3.39616
-3.12098 -0.472937
-1.85953 -3.36099
-1.85413 -3.67859
0.300694 -3.1481
-3.87839 2.36478
-1.3274 3.91329
3.13789 2.03458
-3.6187 3.58808
-1.20182 2.75743
3.49807 -2.48185
2.76455 2.5288
1.72382 3.88039
-0.881983 3.47046
1.92779 -3.15514
0.0505047 -3.22743
-1.30532 -2.76354
3.01136 0.546861
1.67984 3.18746
-2.11308 -2.2049
2.56394 2.52193
-3.12085 -0.661329
1.43684 3.60825
-3.93578 3.9637
-0.982977 2.95264
-1.07225 -3.70526
1.23494 -3.75457
-2.1596 2.90151
-3.14218 -0.646989
3.25231 -1.06175
-2.45992 -2.59243
3.89008 3.16933
-2.87811 0.889266
2.29309 3.14478
3.5246 -2.26218
-3.71509 -2.96208
3.75781 3.18679
3.69686 -3.80554
1.75643 3.09405
-1.21624 2.77443
-1.86653 3.35214
-3.16745 1.20952
1.66911 -3.75821
-2.54652 3.51865
-3.17759 -3.89547
-2.07492 -3.4532
3.44638 -3.39051
-3.51695 -2.20633
3.72747 -3.47526
-0.785309 3.17166
3.57557 3.94096
2.98448 1.2642
-0.251633 -3.20552
3.74613 0.371407
-2.32044 -2.58601
3.84725 0.781922
-1.27562 -2.82497
-3.21598 2.9046
3.62161 -1.6958
3.2884 -0.537295
-1.11197 2.96471
3.62563 -2.17947
1.98763 2.36846
2.41886 -2.67933
0.728264 -3.14537
0.269372 3.63996
3.5179 -0.862083
-1.66884 -3.86621
-2.93306 -2.07237
3.11335 -0.340599
-2.93001 3.34701
1.60763 3.76253
3.83715 0.536823
-1.23846 -2.95826
2.91758 -1.95605
3.72699 -3.63754
-3.04011 0.803879
-3.55241 -0.785946
3.26505 1.5252
-1.73456 -3.85116
-2.92111 -2.50562
-0.811592 -3.05539
1.07529 3.82805
-3.73091 -3.4939
0.372243 3.38958
-1.10876 -2.88787
3.08405 3.35398
3.73717 0.83355
-3.05527 -2.85806
3.04287 -3.3411
2.05563 3.06587
-3.64416 -3.82371
2.94001 -2.86374
-1.76481 2.77787
2.44973 3.90162
-3.62005 -3.70141
-2.64455 -2.71734
-3.18521 1.13326
3.76118 -3.91725
-2.18387 2.17381
2.30721 -2.7541
-0.450135 -3.61173
-3.30797 0.646922
2.30097 -2.76142
0.0534288 3.55057
3.25863 3.79309
-1.34518 3.81291
-1.28019 -3.9101
2.16454 -3.57153
2.33119 -2.53613
3.70253 0.452465
1.60697 -3.35235
-2.97559 0.850769
-3.28017 2.31319
-2.96415 2.57387
-3.39204 3.69389
2.85089 2.56069
-3.34015 -0.0981069
2.45612 2.66641
2.3806 -2.09619
-3.89133 -2.61711
2.60577 2.13352
-3.44304 2.1202
1.78904 3.91053
-1.70146 2.8894
2.01347 2.23023
2.81829 2.30819
3.20274 -0.993844
3.46162 1.93278
-2.23188 3.8416
-3.57165 0.998685
-2.27569 -2.3199
3.82825 3.95923
3.26927 1.45507
2.15631 -2.55232
2.26172 3.57637
0.527802 3.10159
0.817571 -3.05705
3.20514 -2.80654
0.557283 3.45296
2.49543 2.97529
3.61133 3.71729
3.18645 0.992156
-3.25418 1.95573
1.50113 3.93708
2.78481 2.22157
-1.86952 3.34237
-3.52981 0.949611
0.395653 3.23507
-2.19679 3.3674
1.74715 3.98844
-1.29063 -3.91189
3.97478 3.04443
0.027274 3.52966
-0.86205 -3.3914
-2.14994 -3.51727
1.62424 3.39111
3.30091 -0.298084
-3.45513 -2.08952
-3.47437 3.68259
1.41452 -3.07626
3.34476 -0.142715
-0.863884 -2.97587
3.66585 2.66734
-2.82722 -3.07557
3.9641 3.18039
2.00515 -2.65892
-2.73021 2.34458
2.60345 -3.71563
-1.93526 3.02961
-2.15772 2.82544
3.30057 -2.47474
3.72989 3.38612
-3.10822 -1.73466
-3.85154 -0.983859
3.99141 -1.4814
1.75149 3.71412
-3.60419 -3.97278
2.93588 0.740104
2.73632 1.65878
3.10034 3.60735
-0.783282 -3.084
0.437886 3.7201
-3.28459 -1.2409
3.1594 -2.24447
-0.829614 -3.00623
0.777954 -3.0307
3.99744 1.21083
-2.4245 3.03184
1.567 2.69209
3.65689 -3.10161
-3.50626 -1.07571
3.8897 1.22692
-2.69452 -1.49029
3.28977 -3.87382
-3.73889 0.494908
3.60392 0.376097
3.34585 -1.17997
3.5247 3.93523
-3.5926 0.664714
-3.00247 2.51621
1.6247 2.70008
-1.84734 -3.92591
-2.99659 -3.68451
-3.36548 0.916526
3.43413 2.52947
0.455265 -3.45584
-3.29139 1.79299
2.05049 -2.3754
3.78092 3.09966
-1.56491 -3.68518
1.98041 -2.29011
-3.30836 -0.559012
1.72842 3.94102
2.15416 -2.35271
3.9255 0.895242
2.95539 2.00192
2.79825 -3.89079
-0.993206 -2.88924
-0.586616 3.73941
3.15699 -1.06633
-2.70417 2.18567
-3.83357 1.10532
3.88843 0.618065
3.72454 -1.99403
1.0817 -3.14018
-3.84671 -1.89102
-2.19568 -3.0305
-3.21503 -0.412434
3.20825 -0.739512
3.68702 -3.90513
-3.53936 2.06792
-2.92494 -2.82978
3.96818 -2.29546
-2.3184 2.54136
-3.46614 1.96794
-0.795733 3.52672
0.318064 -3.70154
3.25114 3.72927
2.59178 3.68085
2.56459 3.28238
-0.312499 3.19807
0.17045 3.66578
2.30611 3.63034
-3.00261 1.89242
-3.07408 -0.32685
-3.53369 2.28607
1.67814 2.90924
2.71492 -2.30233
3.34392 -2.74944
0.62859 -3.06553
3.71098 0.0998058
1.07063 3.83629
1.43222 -3.10853
2.12775 3.68179
2.218 -2.96147
2.79205 2.74608
-1.39331 -3.3475
3.98818 2.41115
0.818048 3.5736
3.70165 -3.19645
-3.29964 -2.41198
-0.405577 -3.133
-0.780599 3.05157
-3.83213 1.69739
3.20586 -0.500072
-2.2952 -3.01539
-2.96941 -1.95324
2.36866 -1.95032
3.02055 -1.28918
-0.872792 3.97612
0.598207 -3.22081
3.62829 0.63947
-3.62771 -0.260766
-3.79895 -3.94315
1.10449 3.31443
-2.84823 2.82593
-2.41981 2.20737
2.13824 -2.87607
-0.732895 -3.43427
2.0015 3.97293
-2.2012 -2.43887
-0.173573 -3.58693
3.4914 -1.02772
3.62208 -1.7666
-1.97469 -3.29809
-3.09137 1.11361
-2.09948 3.94635
0.217169 3.23525
-1.49006 3.03032
-3.07709 3.30245
0.116335 -3.20439
3.30307 -1.30939
0.513441 3.81611
-0.161478 -3.43639
3.24522 -3.60987
2.63002 2.49031
2.95455 -2.33478
-3.60042 -3.09015
1.66424 -2.87384
2.87759 1.15957
-0.632715 3.19497
-2.72936 -1.93044
-3.59118 -1.25394
1.73816 3.08658
-3.68387 0.424848
0.735594 -2.97364
-2.50515 -2.73701
-3.22173 3.13412
2.19946 3.16932
2.38476 -2.83937
-0.272771 -3.02269
-2.71434 -3.06435
3.86864 3.14229
0.250267 -3.64606
1.29498 -3.51038
-2.92092 1.22672
3.32439 3.03394
-3.77547 2.27691
2.96821 1.39785
3.40103 -1.36843
3.45655 -1.35825
-3.96149 -1.48269
3.04877 -2.45459
3.56821 2.42043
-3.77413 -3.38566
3.35604 -3.08803
0.423287 3.10454
0.429701 3.55012
-2.46313 -3.36562
3.93917 2.35872
3.59965 -2.03815
-0.290488 3.14326
-3.19892 1.14801
3.03022 2.07891
-1.83107 -2.51006
-2.87122 1.82842
3.59877 2.14732
-2.5768 -2.19832
3.52517 2.09074
2.13544 2.84164
-3.13968 -2.27331
-3.36859 -3.51801
-3.43268 2.39548
-0.958117 3.44127
-3.86567 -1.64193
-3.91684 1.3147
1.17954 -3.86207
-0.263958 2.99918
2.10709 2.2994
-3.90611 -3.14294
-2.40692 2.53303
3.32182 0.793803
-3.39668 -2.98912
2.09326 -3.06952
3.50943 -2.30393
-3.66202 0.249496
-3.09946 -3.66764
3.75323 2.89353
-3.64228 1.65073
-3.31987 -2.03567
2.22922 2.11174
3.39557 -1.61734
2.23531 -2.44958
-1.69832 -3.70638
-1.56419 -2.63059
3.35484 -0.772053
1.10194 -3.66305
-2.23001 -3.01124
2.81298 1.18733
3.63556 -3.06872
0.570255 3.63733
-0.848211 3.98279
2.02463 3.88934
3.80877 -2.31897
0.76064 -3.37549
-1.68518 -3.81294
-2.92895 2.07787
2.72638 -2.81091
1.53606 3.47973
3.00478 3.95514
-2.21941 3.37432
-1.39684 -2.97105
-2.15377 -2.40073
2.89842 -2.8927
2.01214 -2.96804
-3.29048 -3.26012
-2.23359 -2.01404
-3.76878 -0.273381
1.58935 -2.68549
3.62418 -2.24352
-1.93516 2.5517
1.54621 -3.99558
-3.32741 3.26107
-1.3247 3.51993
3.38804 -1.75761
-0.900471 -3.01596
2.7761 2.81391
-2.9212 0.734457
-2.51337 -2.3626
-1.48285 3.48063
-2.78285 1.93076
3.8736 1.37956
2.45574 1.78517
-2.64361 3.34659
1.11149 3.99135
-3.13027 -1.84302
2.90986 -1.50394
-3.4435 -3.60368
3.94738 -3.17721
1.51456 3.21791
-3.91403 2.01171
-3.2176 1.0212
3.17085 -3.71544
3.1572 -2.52114
0.845775 -3.89364
0.971341 -3.88303
-3.66781 -2.34915
-2.93937 3.27946
-2.45385 -1.91075
0.629404 3.07042
-2.61161 -3.61563
-2.63211 2.89083
-0.49564 -3.84652
-0.888714 -3.38484
-2.65913 -3.10693
0.0198006 -3.372
-1.56487 3.95211
-3.30133 -0.444866
1.5055 3.44672
-2.67225 -3.69935
-3.36986 -1.22135
-3.55052 0.576623
-1.06445 3.38273
-2.4871 2.9663
-2.83936 -2.50156
-1.58664 3.24976
3.97457 2.17783
0.0716541 -3.17018
3.91444 2.16312
2.01722 -2.67704
1.70027 -3.8509
2.22224 -2.27501
-2.7982 -2.22297
3.24853 -1.09667
-3.76691 -2.07631
3.91181 3.34846
2.28458 3.92085
-3.40917 0.0301845
-3.69502 -0.919772
3.02122 -2.92878
0.378312 3.12308
3.02061 -0.0257863
3.16153 -0.807892
-3.15068 -0.219471
3.63702 -1.18473
2.67222 2.23329
3.35776 1.8565
1.87983 3.05386
3.38794 1.04483
0.650731 3.08094
-0.964654 3.31437
-0.0110102 -3.45868
-3.72735 -2.23747
3.33385 -1.53668
1.84182 -2.58792
-0.583074 3.47755
3.72755 -2.6031
2.82869 -3.14228
-3.20353 -1.79888
-3.5488 -0.386289
-2.05355 2.41808
1.90385 -3.4151
-3.45295 1.43064
3.92313 -0.294157
-2.9146 -3.19923
-0.0320575 -3.30174
3.48378 1.51885
-2.36216 -2.66457
-2.69857 1.99007
-1.29299 3.92623
-3.98479 3.79864
-3.16368 -0.977671
2.1227 -2.23686
-1.80219 3.52363
3.47394 -1.21845
-2.5007 -1.97996
-3.52131 0.931565
-3.4497 -2.19966
0.599661 -3.96291
0.0153989 -3.61631
-2.96259 1.17633
-0.066812 -3.25147
2.20849 3.69411
-3.34002 -2.95869
-3.5366 -0.0246007
0.325443 -3.49583
1.75072 3.84076
2.63927 1.5923
-3.53475 -2.89375
-3.55956 -0.632652
-3.75247 3.28837
3.36546 1.88188
-2.82754 3.63693
-0.880111 -3.73594
-2.54599 3.64089
-1.92602 2.99694
-1.69672 -3.67429
-2.77323 1.84358
-0.597802 3.65603
-1.81681 -3.63679
3.46387 -0.658438
-1.70128 -3.008
2.9546 -1.99313
2.54484 2.04938
2.6305 2.57436
-0.486331 3.37346
-2.35132 2.36691
-2.01072 2.8104
3.70151 -2.37095
3.39252 1.01781
-2.76853 3.01304
-2.03001 3.85537
2.78297 -2.96074
3.2596 -2.29051
-3.63428 -0.805084
-3.98999 -3.80652
-3.06368 2.1587
0.33491 -3.00384
-2.922 -2.97505
3.09898 3.06236
0.683188 3.10001
-1.40722 3.91048
-2.53631 -3.21519
-2.32678 -2.56125
3.22539 2.46512
3.16816 -2.93241
2.8873 3.36007
0.442594 3.57704
-1.40715 -3.69433
-3.67618 -2.50989
-2.33807 3.53364
3.34802 1.89225
-3.7933 0.0735622
3.05951 -0.266172
-1.04155 -3.49769
3.90905 0.420408
-0.856744 -3.3004
-2.28841 3.78474
-1.81342 -3.14067
-3.83415 -2.97943
-1.49465 3.73741
2.43525 -1.92499
-2.41326 3.96188
-3.59245 0.775777
-2.52757 -1.94737
2.65984 3.77302
-3.25658 3.83603
-3.99575 -1.56832
-1.23694 -3.40447
-3.80977 3.09478
3.01989 2.15456
-2.82909 3.65187
3.62313 1.49109
1.94395 -2.52841
-1.00973 3.11694
3.52105 0.614656
-1.92194 -3.0754
3.93487 -2.16534
3.33436 -3.15581
-3.64235 -1.0479
-3.03363 2.67964
-3.65087 -2.72419
1.84746 2.46703
3.96256 3.08197
3.60821 2.64525
2.86336 -2.36198
2.84007 1.27191
-2.11075 3.73881
2.88002 2.64563
-3.23294 -1.93479
-2.75922 1.76324
3.56574 3.87441
-3.84616 -1.79377
-3.30046 -3.45175
3.35182 -2.15443
-3.94607 2.77241
-3.29831 0.797612
-3.25871 -2.35385
-2.06003 2.38173
-1.4271 -3.93471
-1.71769 2.55003
-2.68989 -2.80324
-3.02962 1.02005
3.64323 -2.64877
-3.8245 -0.84926
1.50662 3.13255
3.67617 2.19157
1.589 3.80679
1.45361 3.49716
0.40022 -3.38939
-1.95507 -3.26576
3.15953 -2.74752
-0.744604 -3.66188
-3.62371 1.8832
-1.02025 -3.73299
-1.53132 -3.17505
2.8211 2.906
-2.69695 2.95393
3.86188 -3.32544
-2.55399 -1.774
-3.7824 3.67747
-2.31121 -3.32572
-3.08475 0.351898
1.50728 -3.6079
-3.86022 -3.11647
-3.92747 0.718192
2.52136 -1.83164
-1.43962 3.37354
3.80703 -0.264445
-3.09538 1.2412
2.30792 3.43824
2.91833 -2.70611
-1.77387 3.88363
2.85016 3.97431
0.385764 3.71167
3.32534 3.38878
-2.97648 0.863877
-3.95313 -1.30914
2.43547 1.75262
-2.16687 2.80046
-3.30607 2.9601
0.815746 -3.97977
2.10815 3.40982
1.42148 -2.79978
-3.30363 2.99443
1.02856 -3.70084
-2.94484 1.97194
-1.93192 -2.33863
-3.89201 0.162206
-0.762509 -3.37446
3.46717 -0.536448
3.50434 -0.284963
-3.48343 0.666946
2.47907 -3.71253
-2.3281 1.91548
-2.62194 3.99328
2.29756 -3.68197
3.27088 -3.60781
3.87235 -3.99338
0.594797 -3.07794
0.159197 -3.71269
-1.10589 3.31901
-3.32017 3.48842
-2.30178 -2.99355
-2.82322 -1.80389
-3.88656 1.64744
3.48047 -0.852314
3.48398 -0.604515
0.453246 3.24041
3.15978 -3.43823
-1.09846 3.13597
3.68128 2.1697
-0.104388 -3.73126
3.83537 2.91711
0.522145 -3.35668
-1.10839 2.82815
3.6703 -0.453025
-2.912 3.12
1.95927 3.64006
-0.962442 -3.26241
0.477715 -3.22149
-3.56423 -0.351347
-3.27923 3.38828
-2.42605 -3.20564
-1.40565 -3.91253
-2.30257 2.12679
-2.23347 2.74467
0.465486 -3.51473
3.65534 -2.49794
3.99943 -3.44569
-3.23793 0.871534
3.14017 2.13915
-2.72311 2.88183
-3.45071 -0.199118
2.58422 2.59993
3.51286 -0.604258
2.89141 -3.28633
0.89093 3.87846
3.99069 2.91518
3.32973 1.08232
-0.55645 -3.03876
1.52011 2.86177
1.80463 -3.96939
-2.30203 -3.13816
3.29978 1.01943
1.04821 3.64336
-3.69196 -3.20797
1.01855 -2.84102
3.04118 -0.801927
0.606867 -3.8141
3.64889 0.795727
-1.9616 2.80677
-3.38532 1.24366
-3.73078 -0.0204266
-2.28306 2.82205
-3.61827 3.21202
3.33446 -0.9692
-2.14487 -2.99998
0.744666 -3.02198
-3.79421 1.14451
-3.97364 3.42051
-2.95353 2.93168
-1.61448 -3.92431
3.16855 2.98088
-3.27842 2.82771
1.24782 3.01618
3.57056 -2.36714
-2.75983 -2.30907
-3.48988 3.48593
2.94656 -2.48801
3.27122 -3.79574
-1.61056 -3.38994
-3.70118 0.565791
1.89471 2.65561
-3.7036 3.95185
-3.56331 1.17398
-3.36931 1.63585
-0.826625 -3.52285
-3.67994 -0.63057
0.0847346 3.54802
-1.07878 3.14627
-3.35766 -2.14013
-1.71328 -3.34032
3.12651 -1.88851
-1.53089 -3.95183
0.430334 -3.63663
-3.80519 -3.33347
2.84005 -1.29142
-2.24763 2.60282
-2.37994 3.10017
3.28545 -3.56207
3.55539 2.57468
0.415788 -3.63803
-0.170531 3.98911
-2.97344 -3.67762
3.44059 2.3352
2.78143 3.31101
-3.40969 3.86683
2.9928 0.90921
0.141267 -3.30082
2.74735 -3.035
-2.41054 -3.96555
3.07485 -0.753587
3.10275 3.96965
-3.12433 -3.8482
-1.83048 3.58675
-3.47287 -3.99602
2.39414 3.3441
2.24235 -2.98176
-1.96108 3.65543
-2.11391 2.72762
-3.80399 -2.42348
-1.91442 3.28459
3.02304 1.87376
2.88374 -1.1048
3.15155 1.59605
2.27086 -2.78277
1.8792 -3.73612
2.04435 -3.6985
-2.74615 -2.08664
3.29108 -2.89668
-0.743886 3.07803
1.29185 -2.95902
3.38183 -2.99688
-2.8344 -2.89527
-3.28069 -0.223492
-2.84189 -1.63978
2.74643 -2.21485
-2.83555 2.97265
-2.39214 -2.03744
-3.12753 2.58586
-1.92753 -2.91318
-3.8408 -0.00777883
1.79259 3.70684
3.11464 -2.43353
-2.61301 2.28563
3.49299 1.24131
3.91739 -0.0475276
-3.78551 -0.949101
0.465044 3.00611
3.20087 1.06689
-3.45586 -3.64809
3.15875 2.90762
3.61526 3.92589
2.90703 1.16061
-3.74165 -2.78978
3.37773 2.34366
-3.43929 3.88631
3.36505 3.37806
-3.49642 2.83461
-3.02807 3.63607
-3.33995 2.48028
-2.03527 -3.17964
3.77365 1.79214
-0.359369 -3.96293
-2.06325 -2.31415
3.4247 -2.06129
2.89461 -3.25127
-2.97362 -0.59343
-1.41446 -3.52491
3.07081 -1.77911
-2.81462 -2.59571
-1.13369 2.81117
-1.61526 2.7646
-3.93959 -1.41886
-3.69424 1.77964
-2.52261 -2.76845
3.07398 3.6874
-3.28454 2.3598
3.25345 2.75958
-3.03259 -3.97211
3.64692 2.82737
-3.3188 0.543048
-2.24896 -2.55234
-3.82877 0.458015
-3.53794 2.16867
2.80837 -3.78534
3.96637 -2.4413
-3.40357 -2.74422
3.49897 -1.66489
-1.93207 -2.94157
3.84956 1.79283
-3.94485 1.84464
-0.326031 -3.66776
-1.65119 3.61057
-3.11339 -1.65247
-2.90835 1.28575
3.83247 -0.211994
-2.08925 3.63516
1.07172 3.7542
1.73555 -2.92598
3.99297 1.70063
-3.52668 -0.0652479
1.95404 2.39403
0.941078 3.36143
-3.12755 2.76804
3.32333 2.36874
-3.65113 -2.73901
1.01732 -3.40243
3.98201 -3.20588
3.2539 -2.39038
3.92347 2.15043
-2.95095 -2.30877
1.51013 -3.88893
2.77003 3.874
-3.25795 1.97857
3.16336 -3.19132
3.74165 2.88714
-1.6082 3.54103
-1.86468 -2.46279
0.217648 -3.75962
2.60043 2.96844
-1.51103 3.90816
-1.5222 -3.7692
-1.88567 3.94067
1.46091 3.71374
-0.168085 3.41148
-3.6856 -0.527259
2.66407 1.83345
-3.98506 0.105478
0.331396 3.51083
-3.2305 -3.19824
-3.13844 3.65983
-2.73913 -1.56784
3.9764 2.55001
0.177735 3.76068
-0.372092 3.06786
-1.92457 -2.51351
2.67505 -3.36193
-3.48461 2.83919
-0.376933 3.59676
-3.29227 3.2516
3.07335 1.50059
-1.58908 2.99382
-3.13548 -2.81384
3.29236 2.4504
-2.37919 -3.22446
-1.21386 -3.81553
-2.04213 -3.30432
-2.80149 -2.2158
0.375692 3.2477
-1.85465 -3.3884
-3.67523 -1.73567
-3.7088 -1.53312
2.65103 -3.89185
3.37165 1.92534
2.43435 3.86345
3.29942 1.26772
2.91066 -3.25925
3.28639 0.429435
3.22884 -2.33322
-2.87958 -2.8669
-3.13765 1.03459
-1.19069 -3.97975
3.83326 -1.33234
-2.7434 3.35536
-3.25856 -0.896634
-3.19621 1.57566
-3.7955 -3.90131
3.7257 2.26961
2.25505 -2.5708
3.5806 -1.66593
1.29676 -3.29153
3.56658 -1.26456
-2.69713 2.90874
3.45107 -2.25212
-3.16407 -0.25924
3.32069 -0.633633
3.71701 -2.65112
-3.25898 1.6
0.202117 3.83727
3.10797 0.907539
3.39406 -3.28291
1.07844 3.08326
3.49018 2.63573
-0.615546 3.61587
-3.63125 1.12439
3.33728 -2.68692
3.54751 -3.69952
3.27554 2.78594
2.08867 2.2191
3.28922 1.60314
-1.49544 2.7599
-2.99808 -2.13849
1.42496 -3.36192
3.90013 -1.68126
3.47659 -1.35638
-2.0171 -2.54752
2.09359 -2.52117
3.19848 -3.05038
1.70515 3.33468
-1.22861 3.40392
3.73139 1.30054
-3.31644 -3.89312
2.54254 2.25524
3.01284 -2.37867
1.82903 -3.87598
-3.84693 0.297656
3.82929 -0.300382
-3.87885 -3.26555
3.67632 -0.154177
-3.48201 -3.35879
-1.08009 -3.24679
3.29176 0.432593
-1.63216 -3.60512
3.02826 -3.66473
-0.496977 -3.66111
-3.84405 -1.85741
-2.2184 2.31313
-0.747779 2.92579
-2.24777 2.16332
1.9977 2.32285
-3.17895 -3.61103
2.82981 -2.6172
2.27254 3.23955
3.66799 1.39549
1.44572 -2.66607
2.04667 -2.74479
-3.6309 -1.47311
-3.38355 -3.49723
-3.26657 -3.14593
-3.13556 -0.00166614
-3.58015 2.14673
2.22529 2.30294
1.14417 -3.81541
-2.76035 -1.49634
-0.147796 -3.7312
-3.60325 -0.462132
3.11383 -0.260705
0.420547 3.69038
3.84175 -2.55116
2.23169 -2.13626
3.43908 3.16763
3.39476 -2.24848
3.98533 -2.04917
2.86128 1.92333
-3.61542 1.21152
3.78285 -3.84209
3.64687 0.407616
3.55288 -1.92276
-2.53123 2.69231
-2.84696 -1.42518
-2.82483 -2.76221
-2.79641 -3.30808
-3.38246 1.19486
-3.67313 -3.76843
3.65094 3.18388
2.85151 1.98983
-3.55277 1.38774
-2.32266 3.61103
-3.14118 -3.97096
-1.93477 -2.83119
-1.89975 3.52524
-3.13697 1.46636
-3.60565 -2.23178
1.53143 -3.45567
-3.45692 -2.41505
0.915756 3.44222
-2.06195 -3.69056
-2.82466 1.61075
3.79622 -0.600402
3.71051 2.15221
-0.221265 3.51567
-2.56498 -2.01072
-2.12565 2.77712
3.29364 0.5713
2.81319 -3.31795
-1.92323 2.77679
0.27229 -3.33495
3.33916 3.05431
1.64693 2.55725
-2.35787 -2.3461
-3.11726 3.01792
-1.91489 3.55439
0.572812 3.06244
3.95927 3.74388
-3.78526 -2.60259
2.04189 3.29566
-2.47079 1.87798
-0.483855 -3.57883
3.17763 -1.79438
-0.997351 -3.8753
-3.66293 2.7096
2.43131 -3.6998
3.24285 -3.8236
-3.30025 1.24823
0.413664 3.87624
-3.96271 3.87681
1.98166 -3.53335
-1.81173 -3.56283
-3.1971 -3.48363
-3.25256 3.12216
3.32608 2.41244
-3.88178 0.71941
3.42142 2.34311
-3.78604 -1.72461
3.7726 0.349365
-2.55403 2.3796
3.4088 2.94963
-3.02271 -0.747045
3.53883 1.55811
-1.21186 3.84822
-1.46078 -3.9724
0.336859 -3.9374
2.78651 3.24833
-2.12176 -2.98518
-3.1599 -0.355177
3.40708 1.84942
-2.93827 2.33852
3.87663 -0.903341
-1.46093 -3.99399
2.14646 3.07613
-2.56639 2.12164
0.857025 3.63605
1.68085 -2.52881
2.84779 3.13867
-3.21992 0.653926
2.14147 -3.56479
3.80196 3.73701
-3.82448 -3.71624
3.5731 -2.81117
-3.35528 -3.33251
-2.65603 3.41359
2.63954 3.17982
0.38377 -3.51617
-2.44301 -1.93705
-3.91611 -2.59202
-0.897781 -3.65782
-3.73966 -1.03814
1.86505 3.60187
1.96167 3.55173
-2.43023 2.98239
1.11498 -3.73676
3.78692 -0.68891
-1.81731 2.50155
3.00386 3.09837
1.60641 -3.65779
-2.26264 -2.89403
-3.02438 -1.31406
-1.64273 2.6405
2.63828 -2.92333
-2.65729 2.56462
1.78959 2.77591
3.33392 -3.95708
-3.88798 2.74189
1.53018 3.15673
-3.21646 -0.344562
-3.69563 -3.05778
3.96182 -0.960696
-1.22411 3.44163
-3.05549 -1.84433
-2.59361 -2.79176
3.30831 -0.0780765
-1.57139 -3.80137
-3.59638 -3.23161
1.07812 3.15496
3.79525 1.03094
-3.24134 0.450718
-2.72052 3.70789
-3.60708 -1.68914
-3.98107 -3.31631
-1.77864 -3.47955
2.78367 -3.22469
-0.800246 3.07298
-2.882 1.74131
1.95225 -2.36181
3.20885 0.757608
3.75784 3.85512
-0.0294402 3.45651
2.33028 2.96949
-1.89008 3.7087
-0.903029 -3.96246
-3.60303 -0.516775
2.25583 -3.96973
3.46564 0.714153
-3.77479 1.92622
2.21883 -3.00526
-3.54699 1.34911
-2.85167 -1.14258
-1.37698 3.80761
3.47936 -1.16736
-3.43683 2.51152
-3.81485 3.43256
-3.20714 0.405892
-3.63102 -2.51429
-3.43209 2.45256
3.83128 1.75275
0.0585457 3.97386
2.83199 -2.3951
-3.0645 2.64907
-1.49863 -3.04035
2.78173 -1.89747
-3.93249 -1.62504
2.704 3.60374
-3.82075 2.38705
-0.309138 -3.61302
2.85904 -2.00144
3.15641 -0.872965
-0.985901 -3.33473
-3.8402 -1.38508
-3.48236 -2.19303
2.88222 0.963086
2.8381 -2.50339
2.92812 1.53436
-3.94029 0.0509403
1.44563 -3.81182
1.86336 2.50356
3.54399 1.50192
2.14 -3.04145
3.5301 0.609261
3.98735 0.369883
-2.9858 -0.331282
-0.839232 -3.88188
1.94934 -2.48615
-2.76395 -2.42457
-1.30407 2.97964
-2.73106 3.80818
-3.60515 1.65562
3.80426 -3.92769
-3.25566 3.7511
3.08856 1.96159
3.62705 3.7407
3.52836 3.86901
-2.9151 -1.10084
-3.42471 -1.1339
-3.98537 3.80063
-2.40801 3.18949
2.74267 2.02068
3.01296 -2.9825
3.85438 1.64265
-3.37621 1.52501
-2.50927 3.90991
0.298556 3.9499
2.35241 3.76253
2.85114 -1.06159
-3.75954 2.06724
-3.83825 -2.6937
0.75476 -2.92372
-3.91373 0.150132
-3.18894 -2.89413
-3.65779 0.30563
-3.17558 -3.12917
-3.97705 -2.2627
3.8418 -2.39755
-3.46314 -1.7862
-2.95919 -0.832394
-1.1298 2.94509
-3.03877 0.271511
-2.70743 -2.56887
-3.96269 -3.43117
3.55161 3.62057
-1.9637 3.62935
-2.10404 -3.69401
-3.83137 1.82826
2.34335 3.44932
1.23447 -3.42244
3.12913 2.18365
-1.35195 2.97712
0.882317 -3.62724
-2.53728 3.60218
-1.55541 -3.87845
-0.0832536 3.82272
-3.79181 2.65395
0.925318 -2.89033
0.373468 -3.8852
2.26581 -3.80698
-1.21336 -3.18246
3.42658 1.61992
0.149328 3.17793
-3.26145 -3.03255
-2.63665 -3.12259
-1.63162 -3.00694
2.77004 -3.82561
3.94317 -0.920724
-3.39168 0.894994
3.56874 3.35729
3.1708 3.44127
-2.89931 -1.86598
0.909671 3.35817
3.33411 3.09963
3.95264 -1.51858
3.00454 -3.36324
-1.63817 3.48943
3.42269 -2.40461
3.21989 3.76097
-3.52909 -2.29478
-0.345628 -3.84276
2.24343 -2.68423
3.25037 -3.06924
-2.49036 -3.6353
2.77342 2.88596
-0.223692 3.2852
-2.7945 -2.38935
-3.67733 0.692291
-3.17479 1.82202
1.76932 3.46951
-3.68246 -2.66821
-2.01743 2.40769
3.51569 -0.560407
2.70812 3.83183
2.42623 -3.99419
-3.64466 -0.0836697
0.623247 -3.03023
0.830099 3.03671
3.4446 3.93471
-3.12162 2.13425
3.95282 -3.15868
1.14982 -2.79973
1.4585 -3.70561
0.00758819 -3.43335
2.99361 -2.05909
3.02304 -2.86316
1.68731 3.59147
-2.2473 3.64009
-3.75073 -1.29275
3.93542 2.89599
2.63943 1.48257
3.19311 -2.21218
3.79036 0.476788
3.02284 -3.79433
-0.249105 3.75822
3.84687 -0.602954
2.08562 2.91149
3.42841 -0.958961
-2.65295 -1.88025
-2.42355 3.42321
-3.35069 -1.97709
-3.81444 -0.486742
1.12524 -3.87628
-3.22425 -2.7394
-0.877593 2.99329
3.79191 -3.28812
-1.80028 -2.51203
3.3659 2.44956
2.26837 -3.07352
-3.68597 -3.11675
3.76879 -0.248148
-2.20501 3.83347
3.39527 -1.95174
-0.423252 3.20823
3.27339 0.886111
3.03072 2.18183
-3.26831 -3.62889
1.71998 3.76207
-0.394486 3.73361
3.37287 3.57994
-3.56155 -2.42117
2.65662 1.65635
3.29233 -2.23192
3.79692 3.55858
-3.28816 -2.33218
0.71853 2.95766
-0.529513 2.96628
-1.56492 -3.83489
-3.70684 2.96279
-3.67507 -0.333899
-3.4535 -0.252067
3.44096 3.93577
3.74952 -0.878336
-2.04914 -2.76411
-2.32797 3.79527
-2.87183 1.37105
3.46148 -2.74544
3.43404 -3.80662
-3.65274 -3.77218
-0.0848262 3.20002
-0.812405 3.49188
-0.642221 -3.73228
3.80435 -2.65266
-2.76718 3.34129
-3.36904 1.8369
-3.07423 1.10764
-3.1786 1.36304
0.335286 3.6746
-2.92806 3.01497
3.31216 -2.79277
2.99565 0.593224
3.55133 -3.98158
2.6235 3.26505
-2.77437 -2.95952
3.41143 0.244204
0.117675 3.14411
2.78924 3.06719
-2.59925 -2.44573
-2.09434 3.2717
3.09061 3.06331
2.4024 -2.65091
-3.79401 2.49956
2.64929 -3.76697
-0.260268 3.73958
0.501361 3.29411
3.43323 0.272398
3.93711 1.04253
-3.52626 -3.85907
1.94116 -2.81299
1.31608 3.56053
0.821627 -2.91728
-0.312435 -3.77097
-3.94645 -2.63663
3.17464 3.6318
-3.45793 -0.880253
-3.78977 1.6418
3.59589 2.52866
-3.21409 -2.18294
-2.60529 -1.80328
-3.59822 -1.1005
2.61805 3.64911
-2.63347 -1.74861
-2.47696 2.91082
-2.93196 -3.69581
3.7773 0.113687
3.68549 -3.67535
3.23471 -1.61914
3.73396 0.260561
-3.26621 -1.82113
2.7226 -3.89311
-3.84348 0.602006
-2.1641 3.49858
3.21914 1.39546
-1.54758 -3.81776
3.67678 -2.94185
-2.50703 -3.40358
3.75783 -2.506
3.85259 1.63736
-3.15018 -1.15935
1.93099 -2.37076
1.06033 3.20756
3.26651 -1.67641
3.88905 3.47191
3.08965 0.880406
-2.70926 1.7603
-0.224051 -3.33811
0.46412 3.34448
3.97741 -0.252524
1.85178 -2.60486
3.46384 1.414
3.51874 0.465037
1.64979 3.24227
-0.785817 -3.57163
-0.460091 -2.98941
-0.585686 -3.46243
-2.19127 -2.6628
2.84718 -2.93876
3.84581 -0.951846
-2.62789 2.54739
2.74005 2.01363
-2.30707 3.2151
-2.94132 1.04966
-3.19371 -2.04877
-2.35185 -2.07365
-1.89442 3.29668
-2.60087 -3.12273
2.44129 -2.70901
3.0248 3.4444
3.25549 -1.93816
3.84106 3.5293
3.29404 2.82011
3.03863 -2.28074
3.97417 2.7632
3.88501 -2.52683
-3.57451 -1.02307
-3.39309 -1.04343
2.33028 -2.63295
0.294862 2.98595
-3.7644 1.63734
-3.26778 1.97792
2.31449 -3.35037
3.30646 -2.24949
3.74351 1.71144
-2.94266 -1.13341
2.4167 -2.51
-2.50625 2.0668
-3.76695 3.63311
0.440054 -3.10062
-2.96397 3.58688
0.935638 -2.93065
-1.22211 -2.98012
-2.26715 3.135
0.948416 3.44845
1.88375 3.12138
1.9334 -2.92212
2.64599 2.31641
3.05896 1.66967
-2.30779 -3.77382
0.499685 3.98257
3.00529 -3.67959
-2.05776 -2.37244
1.96402 -3.20956
-3.43968 -2.27867
2.16416 3.63802
-0.368513 -3.08153
-2.68214 -2.93027
3.62674 -3.59906
-3.66459 -0.978271
2.99498 -3.95297
-3.70658 3.92909
-3.7691 -2.58046
0.803135 3.29277
-3.03285 -0.976304
-3.98166 0.0580265
-3.61473 1.82306
3.86992 3.45486
-0.156383 3.88508
0.384045 -3.74046
1.73202 -2.64385
-1.78964 2.73874
0.592301 3.08477
-2.08187 2.64107
2.39943 -3.23539
-0.880945 3.04828
3.41747 2.33241
-2.92379 -2.869
-1.13221 -3.00988
-0.143488 3.32335
1.71522 -2.52699
3.27308 -2.76277
3.8159 -0.404385
0.387053 3.07072
-0.154184 3.883
3.78598 -2.94388
1.42442 3.27486
2.92181 -1.58296
-2.19387 2.84611
2.8779 1.162
3.13678 -3.13838
3.26575 3.39858
1.07972 3.72376
-3.02108 -3.96045
2.62374 1.65491
-0.868027 -3.90361
-3.29961 2.83847
1.18952 3.26362
-2.0413 2.98176
-1.3517 -2.97803
-3.71724 -1.63582
2.48315 3.82915
-3.79922 -0.715414
-2.93712 2.08009
-2.91951 1.15683
3.16106 -1.50795
-1.44577 3.13504
-2.24844 2.63421
2.68076 -2.38216
2.32016 -2.62182
-2.55289 2.89093
3.93141 1.58414
-1.11248 -3.10488
-0.174858 -3.57485
-0.254643 3.42294
1.02537 3.98043
2.1297 2.54912
3.29419 3.38067
0.813207 2.9626
-2.80128 2.1409
-0.408858 -3.8124
3.67418 2.15374
-3.10308 2.75939
-2.14657 -3.31977
-2.80127 1.74913
3.79267 -0.150563
-0.670143 3.13843
3.40989 -1.87095
-3.46656 -1.57476
2.88859 3.46205
3.01243 3.9402
-3.56441 2.23135
2.95106 2.01787
3.69539 -3.7308
-3.7894 -2.98426
-2.75757 1.39592
-2.56478 -3.83707
1.46281 -3.56337
-0.457079 -3.65537
1.4631 3.06743
-3.22936 -3.69038
0.947357 -3.29067
-2.40279 -2.73467
2.7139 -3.33516
-1.66312 -3.87511
2.287 2.65389
-3.78921 2.97326
1.65152 3.86288
-2.01038 -2.40006
1.48181 -2.6799
3.70715 1.62158
-1.87581 -2.48215
-3.65929 -0.639294
-3.23089 2.04772
1.3247 -2.84517
2.77298 3.68599
2.79357 2.84488
2.27036 -3.87288
-2.54673 2.25419
2.9043 -3.40518
-2.78522 1.25894
-3.10931 -1.13317
1.75683 -2.78367
3.47331 -1.36563
2.79744 2.21775
2.80769 -2.10595
1.31879 2.87363
-2.49737 -2.34896
-3.90429 3.2925
-3.85267 -3.42086
1.09983 -3.93978
0.902161 3.37512
2.86752 -3.12393
2.79549 -1.24824
-2.17112 -2.19839
-3.84515 -0.846656
-1.55031 3.69705
0.949057 3.20209
0.485033 -3.15915
-2.40712 3.82233
-2.91278 2.44755
-3.38704 -3.8198
3.79233 -1.2645
0.831429 3.59012
-3.53468 1.32621
2.99462 3.07519
1.71493 2.85668
1.58234 3.03697
3.96813 -3.03663
2.55746 2.78685
3.18158 -0.661335
-3.77965 -2.31255
2.33058 2.93306
2.68276 2.74774
-3.16006 -2.43013
-3.07848 1.99797
1.26426 3.59699
-3.50688 1.17403
-3.17388 -3.57383
-0.530637 -3.96791
3.7044 1.29519
3.97291 -2.67743
3.78296 -3.51044
-2.68161 2.87772
3.76578 3.24937
2.04361 -2.66274
2.91291 3.79078
1.6048 -2.9653
-0.821486 -3.60228
2.71967 -1.53109
-3.34471 1.3155
0.312566 -3.00213
-1.54237 -3.78003
1.5379 3.47173
-3.74888 -3.9793
-1.8681 2.42946
3.28006 -2.66002
3.17297 -3.99674
3.77053 3.78042
-0.364463 -3.02141
-3.90357 -1.78917
-2.15345 -2.97212
1.26395 3.49628
-3.29203 0.600417
1.81724 -3.94967
1.49561 -3.29199
-2.85729 -3.42748
-0.689791 3.32795
-2.49798 -2.11404
-3.15738 1.23104
-3.11743 2.25733
-2.8919 3.30507
-3.81664 -2.57292
3.8552 -1.9717
2.95211 -1.92452
-2.31687 2.8012
0.225388 -3.69656
-0.0219345 -3.22389
3.82257 -0.846572
-3.54916 3.33856
1.42846 2.98818
-2.82665 3.74126
-3.26633 -1.98461
-2.40937 3.20226
-1.67929 2.6044
-3.20115 2.85468
-2.97207 3.74945
-2.49134 3.21964
1.28359 -3.81203
-1.71723 -3.52556
1.70517 2.77615
1.50561 3.06302
2.59182 -3.82128
1.32556 3.81696
-3.94164 -3.55753
-0.930269 3.2358
3.59766 -0.653577
-3.4856 0.375521
1.63467 3.6275
2.06545 3.53119
-2.52469 2.77728
-3.5683 -0.119424
-2.93777 -2.43992
3.7149 -3.45874
-3.08517 -2.28342
-1.79745 2.93566
-3.3568 -2.19335
-0.760595 -2.9873
2.87361 0.99013
2.4591 -2.48846
-1.59154 -3.88995
3.1482 0.642978
3.34161 -1.7953
3.83821 3.83445
2.18523 2.56161
-3.64469 -3.79703
-3.07756 3.56943
0.963094 3.77
0.786998 -3.68547
3.04688 -0.686455
2.90122 3.7845
3.47209 1.01575
-2.55028 -1.9458
2.62089 -1.53939
-3.62071 1.98649
3.66066 3.64696
-3.98315 2.7522
3.89209 -0.326768
-1.59336 2.79846
3.28671 3.90226
2.25946 -3.82727
-2.76254 3.35476
0.652548 3.12249
-2.97119 3.38148
-1.01043 -3.07114
3.13708 -1.5323
-3.07514 0.410454
-2.98872 0.305064
-2.13219 2.14765
-1.71624 -3.38994
3.81012 1.12858
3.5351 0.501861
-3.32423 -3.85274
-3.92554 1.52848
-0.569942 -3.65398
-3.7925 -0.878198
-2.95167 -1.15913
-1.32056 -3.65085
-2.27346 3.17732
-3.54202 0.698964
-3.64232 3.96221
1.43723 3.71385
2.24189 -2.14027
0.571894 3.32505
3.99453 -3.31053
-2.65409 -1.89674
2.91734 -2.21244
-3.75047 3.01268
1.09313 3.92253
3.64008 -0.226284
-3.58042 -0.375562
-2.10588 3.53133
-2.45567 -3.58282
-0.0810804 3.41814
-2.27982 -3.88211
-0.767659 -3.68694
3.69745 -2.07184
-2.30102 -2.96823
3.79796 3.63506
0.0655779 -3.5759
-3.64459 -0.527928
3.29869 1.86877
-3.6908 0.780591
3.6091 3.2114
3.35785 -2.32172
-2.87641 -2.49699
2.72339 1.26324
3.36027 3.61521
2.69638 2.19108
2.09239 -3.08907
-3.75177 -1.22171
2.15231 -2.18144
-3.62339 -1.01731
-3.7512 3.73315
-2.99676 1.72332
-0.867348 -3.28306
3.37509 0.166606
2.7685 2.46253
-3.56804 3.04567
-1.75864 3.46107
-3.32466 2.56699
-1.74114 3.12825
-2.62582 3.31489
2.84586 1.88182
-1.49087 2.66185
-0.794797 -3.52651
3.71952 3.22726
-3.04406 -1.80959
-2.73179 -3.44252
-2.00366 2.31151
1.76634 3.28712
0.905743 -3.93235
-0.130044 -3.3768
-0.912756 3.06749
2.82174 1.23506
-3.34043 1.14787
-3.70683 -0.236391
-3.79971 -2.19799
2.21465 2.80303
2.12828 2.71089
-2.26181 -3.86749
-3.50978 -3.10844
3.90678 3.5478
3.6824 0.593079
-3.5963 -1.66858
2.76695 2.54279
-2.0305 2.28808
1.54839 3.81794
-3.63324 0.362319
-0.759867 3.12731
-0.219461 3.3547
-3.12784 1.45765
3.65421 2.28048
1.9948 2.57938
-0.907737 3.30401
-3.12612 3.34179
-2.49412 -1.91913
-0.572688 3.53537
-3.78331 1.1996
3.3368 -2.79517
-2.49455 1.85201
2.1955 -3.67175
3.6319 -0.941985
-1.05517 -3.02698
-3.95537 -2.92175
-1.54324 -2.59609
1.58432 -2.57469
-3.99246 1.36544
-0.299417 3.95162
-3.60178 -0.325273
1.70333 -2.77024
-0.299154 -3.18484
-2.00366 -3.83216
3.67949 1.92212
3.14388 -3.98595
-2.19168 2.50702
0.603578 -3.85892
3.60178 -0.649976
-1.07157 -3.43386
-3.83072 2.436
2.71853 3.61355
3.33377 3.10867
0.830126 -3.09586
3.31301 1.35707
-1.02702 -3.68785
3.12957 3.82971
3.34825 -2.02519
-3.57737 -0.961683
-3.78394 -1.8633
-3.30102 -1.09085
1.50606 -3.29233
2.98435 -3.15051
3.36012 -0.94233
3.7935 -1.35632
3.20723 0.680445
2.70772 2.43674
3.7955 0.539179
-2.5621 2.11067
3.51287 1.33144
-3.51976 -0.19164
3.20127 -0.644583
2.18963 2.74561
2.24689 -2.68391
-1.38144 3.54989
2.98432 -1.14377
3.91246 -0.205272
-3.77203 0.235
-1.33976 -2.72337
-0.760637 -3.23831
2.26092 -2.55255
-3.12448 0.51068
3.89677 2.77748
3.30799 -2.94116
3.13209 -1.29633
-2.90666 3.62375
3.08365 -3.03963
1.37762 3.01265
-2.65979 -1.85525
-2.46386 -3.55379
-2.73635 -2.00048
-3.09944 -1.7354
-2.55007 -3.54375
3.44031 -2.34466
0.910565 -3.89587
2.57995 -3.26804
3.07399 3.3463
3.89009 -0.528593
-2.66145 -2.12975
1.63131 -3.25772
-0.251375 3.60995
3.09899 1.40831
-1.97652 3.13574
2.88435 3.12137
0.477568 -2.97836
-2.22167 -2.30098
-3.45381 -0.703415
1.32587 3.25424
2.70277 1.3704
-2.97722 0.918846
-3.01852 -0.677574
-3.14728 0.466153
3.96432 2.08681
-2.07129 -3.50218
1.83376 3.15261
-3.8733 -3.69582
3.01145 -3.49578
-3.8895 -3.30666
0.400113 -3.22198
-3.26457 -3.35451
1.92562 2.30133
-3.49359 -3.52776
3.10599 -1.40242
1.8566 -3.38551
3.94172 -2.46076
2.67129 -2.34831
2.81487 3.98581
2.03328 3.61692
3.31034 -2.57009
3.24672 -0.7272
-3.15556 2.44713
3.20527 2.52509
3.90118 2.4187
-1.63547 -2.93312
3.22232 -2.57361
-3.07664 -1.32817
-3.14188 -1.6854
1.6705 -3.95064
3.43888 -3.03601
3.56118 3.47295
3.73923 -2.89023
3.1268 -1.39878
2.8762 -1.51906
-3.73868 -2.1879
-3.80755 3.28248
-2.87972 0.862489
3.6681 1.82017
-1.46395 3.41459
2.12041 -2.54537
-0.717076 -3.80422
-2.34974 -3.88077
-1.63162 -3.16289
-0.206358 -3.0948
3.59121 -3.44784
2.00463 2.94415
2.47884 3.87671
3.54609 -2.9712
-3.10141 -0.0213135
1.62098 3.95112
3.85186 3.47943
2.25528 3.96036
-3.50251 3.09059
-1.40055 -3.04805
3.18471 3.31638
-3.40653 -2.35421
-2.83982 -3.14362
0.950102 -3.15101
3.32619 -2.61457
3.08489 -1.92098
-2.11398 -3.35391
2.49828 1.94304
2.49831 -2.71346
-0.0270501 -3.24218
-3.32973 -1.24666
-0.182428 3.99922
2.50857 -2.83031
2.66464 2.21011
-2.03351 -2.66489
-3.07528 3.35816
3.18052 3.82875
-3.62519 -2.7671
2.82857 1.91551
-1.2251 2.90263
-0.0457312 -3.0967
2.81741 -2.05319
1.99517 -3.06981
-3.59637 -3.20936
-3.24182 -3.39833
-0.408681 3.52275
2.93516 3.83998
-0.736907 3.96761
-3.52675 3.49615
2.4768 2.02394
3.37001 3.52969
2.15702 3.92186
-2.93596 3.93717
1.24548 3.20853
2.37429 3.63749
2.68258 -2.26556
-1.08294 -3.5122
-2.8316 1.88678
3.22777 1.81847
2.7176 -2.15571
-3.12796 -0.382946
1.84731 -2.45742
-3.56658 3.88467
3.08611 3.77896
2.01716 -3.47296
3.8484 1.80873
-2.72878 -2.02392
0.561171 3.30341
3.68147 0.70504
3.33267 -2.60759
2.86773 2.95633
1.89045 -3.31697
-3.33342 1.5637
3.6562 1.73567
2.97205 1.84695
-0.121219 -3.6283
-0.251167 3.88568
3.78836 -1.69105
-2.23245 -3.81087
-3.78709 2.76988
3.9453 1.727
-3.14864 3.75838
-2.19503 -2.15903
-0.182463 3.9919
3.63859 3.99688
1.80133 -3.2841
-0.877566 -2.97045
3.34466 -1.07997
3.75903 1.1709
-2.78225 -1.58735
2.95416 -0.763007
3.60642 2.12913
-3.89697 -2.22924
-3.23409 0.0306764
-2.33634 3.21052
3.21752 2.8609
2.05688 2.89062
1.34112 3.52596
-2.08359 3.67525
3.62614 -0.143202
1.91497 3.38574
0.301845 3.94704
-2.7217 -1.83396
3.51585 -1.01109
0.928902 3.07875
0.815818 -3.67229
0.54041 -3.93203
3.40861 0.768329
3.48938 2.54057
3.12377 -1.78477
3.96724 -2.53924
-3.13194 -2.28486
2.46709 -2.19902
3.35385 -1.70217
1.54247 3.68286
3.6279 3.07209
-0.416612 3.99124
3.56631 -0.114591
0.112675 -3.18221
3.34571 -1.33079
3.33289 -0.860544
2.29764 -3.64338
3.33642 1.98243
3.40009 -3.02901
2.89787 3.35207
3.23904 3.86137
-3.4002 0.759043
3.76091 3.26611
2.93393 0.871487
3.32445 0.516505
0.548951 -3.68875
3.33009 -1.56656
1.20256 -3.24629
-3.05463 -2.77707
-3.75495 0.671338
-3.51605 -1.21046
3.72916 -0.0297862
-3.31959 0.626352
0.0271131 3.98727
-3.82681 2.61551
-3.02254 -1.54938
-0.165123 3.70558
-0.389151 -3.29447
-3.45024 -2.29385
-2.46691 -3.70817
3.4726 -1.05601
3.94519 1.85026
3.00085 -3.21363
2.8176 -2.41535
-2.11656 -2.89731
2.12471 3.77522
2.94767 2.0042
-2.58923 1.6556
-2.79999 1.19562
1.9093 -3.21091
-2.94949 -3.48006
2.17837 3.17767
1.53171 3.88642
-2.49386 -3.48961
-3.55266 -1.6809
-3.84227 -2.72519
-3.3839 1.05707
2.66788 3.93063
-3.21266 -0.331417
3.92038 -1.86946
0.123748 3.32994
2.08662 -2.83049
-3.9575 1.49418
-3.78196 0.369069
0.551843 -3.47976
3.93854 2.98621
-2.34337 3.04312
2.82897 2.01888
-1.86893 -2.67614
-1.39093 3.13805
3.19275 -1.67911
-3.42493 1.20518
3.687 -0.721767
-2.91335 -2.06753
-3.33618 -3.37991
-3.94241 2.43393
-3.79054 1.8277
2.34299 -3.82639
-2.06218 -2.32602
-2.87615 3.18021
-2.29093 -3.72533
3.05224 -3.84309
-0.336988 3.18381
-3.42605 3.78096
-3.55071 3.92016
-3.36726 3.51475
-3.7157 0.124385
-3.84785 0.405489
3.58019 1.8409
-0.818321 3.47995
-3.1475 -0.476528
-2.67675 1.71949
-0.717231 3.72957
-3.27438 1.17847
-1.13306 3.2638
-3.90127 2.81669
2.38855 2.71875
-2.22701 -2.8096
3.69776 0.460518
1.4254 -2.97009
-0.21289 -3.14412
-3.80582 -2.2976
3.7152 -3.64893
-2.80424 2.30984
-3.11274 2.60156
-2.25808 -3.45853
-1.56272 3.52824
-2.98965 3.81198
2.83169 2.44733
-3.70539 1.68357
-3.25936 3.4973
-2.62627 -3.10691
2.67705 3.62601
3.42924 -0.0746977
-1.41924 3.24488
0.467974 2.99432
0.811318 3.78371
1.58006 3.86619
3.50287 2.36683
3.5428 2.17719
3.36001 -0.361394
-1.712 -3.53773
-0.230144 3.62255
3.28417 -0.109798
-2.87532 -2.25556
-2.73896 -3.54631
2.46091 -1.85439
3.29428 3.13002
3.37756 -3.9029
3.01847 -3.96907
3.9491 1.53162
3.3111 -1.09631
-3.63915 -3.48403
2.21294 3.04352
-3.86139 -3.56668
-0.809224 -3.60082
3.12375 -1.54987
-2.78741 2.75055
-2.56679 2.82863
-1.33013 3.57585
3.10801 -0.288314
-1.77888 -2.65058
0.714602 3.6599
1.33919 3.62608
1.25851 -3.95594
-3.14527 -0.352987
2.2781 3.29557
3.5506 3.11833
-0.158852 3.61789
2.96573 -0.597125
-3.17148 0.69492
3.59097 1.10022
2.40434 2.63508
-3.95138 -0.827117
-2.41455 -2.18873
3.25135 2.33046
-3.6029 3.0753
2.81689 -2.5471
-2.72145 1.85767
-3.64508 1.79219
3.80485 -1.03375
1.54423 -2.86635
3.79619 3.27725
-1.13496 -3.73285
-0.57307 -3.0964
1.59993 -2.57959
3.4667 -0.248477
-1.91534 3.34604
-3.63807 3.22748
2.18018 2.55926
3.4284 -0.681743
3.10016 -3.2177
-3.70385 0.466949
-3.79256 -3.45169
0.115229 -3.50707
2.48474 -1.80373
2.73855 -3.31384
3.9569 -0.468588
-2.5403 2.31794
3.47779 -3.98213
-3.58357 3.41796
0.352563 -3.72871
-1.15921 -3.59876
0.872992 -2.91096
1.75575 2.53877
-3.36296 1.95382
-3.45028 -0.667653
2.95122 -2.53655
2.74177 3.01064
3.39588 1.0728
2.45249 -1.76514
-1.13771 -3.65469
3.64526 -0.35806
3.87396 -0.98961
-0.303944 3.65184
-1.23938 3.0267
-0.0367186 -3.32144
2.50753 3.19346
1.81813 3.59379
-1.83259 3.08973
-1.76116 3.55963
2.04606 -3.10801
-2.28774 -3.15449
2.22694 -3.03461
3.76535 1.59499
-1.21921 -3.6684
-1.29514 -3.31232
0.715924 -3.83728
-2.64414 -1.42033
3.10343 0.651475
3.07911 0.188552
-3.42402 2.74422
3.43522 -0.255297
-1.51011 3.45322
-3.31947 3.53704
-2.46368 2.35407
3.61667 -2.67761
-1.73695 -3.18728
-0.347536 3.46438
2.77983 2.36063
-2.35616 3.75305
1.68762 -3.3996
-1.2543 2.87396
3.36484 -1.83391
1.07836 3.43125
2.77202 3.09289
-3.03966 1.97538
3.24664 0.461671
-2.42813 3.88096
-1.76066 -3.52593
3.6993 -3.42246
2.89686 1.55741
-1.64693 -3.35163
-2.38307 -3.66381
-3.69912 0.772035
-3.31945 -2.00291
3.61749 2.46336
-3.48164 2.7995
-2.96736 0.860331
1.72274 -3.47309
1.74016 2.65651
-2.86928 3.74616
3.80406 -1.60373
3.35669 3.17064
-3.15416 2.06114
-3.7533 1.76294
3.2222 -2.15795
-3.16179 3.47134
1.79904 -3.05251
3.48403 1.15855
-0.0954674 -3.70572
-3.32285 2.08016
-0.865655 -3.61754
3.91339 1.13607
3.57367 0.400755
1.05887 -2.87811
2.71936 -1.91218
-2.85755 -2.8329
-2.85995 -2.77525
3.45131 -2.54016
-2.16855 -3.28952
-2.88382 -2.83771
-1.09376 -3.64209
0.385375 -3.35825
-1.34764 -3.15894
1.99456 2.61704
3.35146 1.68267
-2.72165 -2.87304
-3.31149 1.83465
-2.55407 -2.2888
-2.62452 2.60671
-3.02645 -3.12159
-3.04608 -2.45691
-0.39275 3.59929
-3.04257 2.34802
3.73899 0.856198
2.38634 3.94507
2.10022 3.36022
2.38024 -3.24697
-3.1754 -0.417843
-3.29453 -2.42095
-2.82211 2.2144
-3.46585 -2.89838
-3.26702 -1.73116
-2.62393 -3.57678
2.83351 3.5918
3.00536 -2.83878
-0.368299 3.59414
3.98754 -0.763836
2.89318 1.6253
2.36524 -3.4083
2.58111 2.39565
2.91921 -3.49058
-3.44053 -3.10376
3.54044 3.31712
-0.553417 3.55277
-3.20882 1.50403
2.8383 -1.11268
0.239614 3.2845
-2.67806 -3.52619
-3.60436 -1.43025
1.07308 -3.66355
-0.256375 -3.55927
2.9437 1.9512
3.33241 1.71481
3.77334 2.15292
-2.24129 3.49112
-2.03173 3.14879
-3.17635 -2.86354
1.98655 -2.7306
-3.7769 -1.8737
2.02333 -2.54658
-2.55122 2.02876
2.14939 -3.41109
3.62307 -3.04384
-1.48272 -3.76987
3.82171 3.60187
-3.36793 -1.21661
3.17072 -2.713
3.53791 0.112742
3.93573 -1.87993
2.14722 -3.02001
2.85516 2.79614
2.4461 -2.20194
-1.09364 -2.93744
3.32907 2.29321
2.8336 -3.25615
1.29129 -3.90499
1.05506 3.80485
3.72997 -3.22945
-2.64521 2.17806
1.64206 -3.32538
-0.353031 3.69536
-3.92933 -1.25637
3.96307 -2.28682
-2.18274 3.92213
-3.4749 -0.691638
2.61883 -1.66209
-2.787 1.64665
1.95815 -3.61222
-2.61445 -1.88775
-2.54179 -3.06517
-1.23222 -3.93131
-1.61272 3.39071
-3.50216 2.53588
-3.38922 -0.605614
-2.7299 -3.64521
-3.17761 3.25004
-3.06056 -2.54495
-3.82311 1.80245
-1.47645 3.02886
3.44737 -1.2842
3.02308 2.54469
-3.70107 3.6988
-3.27104 2.88446
-0.0277827 -3.28256
-3.51116 1.32778
3.11404 -0.73216
1.40386 -3.62541
-0.919798 3.73902
2.27466 3.37484
0.803659 -3.73558
3.87704 -0.568275
-0.903328 3.50184
-3.44857 2.24373
1.79771 -3.03976
-0.0262901 -3.35946
1.70431 -2.56235
-0.698262 3.70374
0.992008 3.04354
-3.24222 -3.335
-2.62126 3.88742
-3.68808 2.36623
2.91646 1.75112
3.1974 -2.59272
2.33612 -2.18527
-2.11514 3.81044
3.84869 2.19654
3.95138 -0.928291
-0.0284341 -3.95525
3.58221 -1.81367
-3.76438 2.38866
1.66472 -3.02127
3.28301 1.41815
-0.968079 3.15538
-1.50397 -2.6415
3.12683 -1.49608
-1.6277 3.32025
-2.91823 -0.968728
3.63056 1.69004
3.64828 2.2807
-1.99248 -3.00804
-2.2558 -2.5832
0.674367 -3.57307
-3.03537 3.80885
1.40295 -3.17463
2.97443 0.406825
-3.10939 1.41204
-3.40581 -3.39831
1.81235 -3.49259
-2.80834 2.57733
-2.2251 2.19877
0.563182 3.19722
3.0178 2.7495
-3.03474 1.91487
-2.84551 2.58649
3.98546 1.83489
2.29867 -3.22226
-3.42479 2.32684
3.56294 -1.33043
-2.59746 -2.12778
0.013612 -3.19164
3.87654 0.950811
2.37108 3.6924
-3.14993 1.48076
2.84238 1.35763
1.38116 3.73177
-3.58778 -1.39681
3.0551 1.06414
3.95384 3.82652
-3.46717 0.273599
0.843755 -3.02031
1.00672 3.81735
-3.69492 -3.383
-1.61956 -3.17622
-1.64542 3.62677
-2.84152 1.30782
3.02883 -0.708251
-3.85526 -2.04944
-3.43472 -1.32093
-3.35455 -1.18437
-0.0374882 -3.99051
-1.50976 -2.74304
3.28378 2.49097
-3.32318 -1.36049
3.32139 -2.00835
3.10211 -3.43288
2.42712 -3.54178
2.32349 3.34098
-3.43055 3.64958
2.10179 -3.06804
1.57628 -2.80467
-2.56616 2.97322
3.31049 2.3051
-1.50236 3.56462
-3.73923 -3.95984
-1.32682 3.14995
2.47692 -2.45198
-2.74729 -3.77488
3.58159 2.02409
3.14413 -3.70819
3.17027 2.4145
0.315103 -3.57791
-2.81015 2.74305
-0.681399 -3.57884
-2.52047 -2.44112
3.82047 -2.43071
3.95863 3.48549
-3.41822 0.907945
1.04446 -3.7899
3.06847 -1.17706
0.220059 -2.99723
3.0893 -3.42793
-3.64402 1.86647
-3.81409 2.90386
1.05784 3.3425
-0.834917 -3.30829
3.43868 -2.80647
3.73547 3.30365
3.79906 -2.2899
-3.91613 -2.75703
-3.12887 -0.420643
2.93763 2.95896
3.94173 -1.76388
0.0787316 -3.33322
-3.65902 2.85533
3.33794 -0.323683
-1.64916 -3.64181
-3.67248 -1.24938
-3.30154 -2.86016
-1.87308 -3.19732
-0.850264 -3.81853
-2.58977 -1.81805
3.2868 2.42536
3.91636 -3.38024
-3.90905 3.001
3.38663 -3.28296
-3.24812 3.06228
-3.33692 -1.6518
-2.68087 2.80386
3.48994 3.18443
-3.2058 -1.50413
-3.79994 3.19354
0.0608381 -3.59708
2.93409 3.20495
3.16233 1.38973
-3.23953 0.167425
2.29213 -2.30523
-1.91877 -2.39878
-1.50257 3.11255
3.60084 2.6629
-2.16087 -2.38594
-0.898974 -3.45876
-1.88275 -3.05695
-2.25089 3.83429
2.98051 -0.459861
3.53637 -0.0497935
2.59877 -3.29358
-3.04534 -1.15761
-3.13416 -2.39949
-2.11597 -2.28416
2.38458 3.179
1.66072 3.20704
0.892752 -3.10925
3.98689 1.05745
-1.22898 -3.47015
0.467251 3.28448
-2.4412 -1.80901
-3.89316 1.04404
3.56758 0.743441
-2.07195 3.66627
3.08859 -0.868678
2.79532 -1.84719
-3.72499 1.22036
-1.9498 -2.88626
3.31886 -2.1887
-3.2744 3.88417
-0.577918 -3.45538
2.29991 3.75592
2.07958 2.4361
-3.84941 1.31309
2.90295 1.96448
3.69739 0.497235
-3.96561 1.1471
-2.87476 -2.64486
2.82519 -3.14468
0.918966 3.52856
3.07749 -2.84607
-3.31965 -2.19725
-3.7945 0.502669
-2.81152 2.38024
0.128253 -3.659
3.45746 -1.92745
2.77814 -2.22684
2.52585 -3.5826
-3.56138 3.27112
-3.94764 -3.75961
3.41959 3.94225
3.15725 1.2109
-3.61789 1.96472
-0.19891 3.88273
2.37525 1.84282
2.76227 3.97735
1.23559 3.36217
-1.9529 -2.75181
-2.85108 3.25704
3.28157 1.1588
0.582193 -3.73685
-1.11374 -3.11548
2.78394 -2.29976
-1.698 3.10911
1.45099 3.1193
3.94893 1.37111
2.89197 1.78565
-2.89094 -3.57586
-3.51563 -0.722796
-3.51771 3.37199
3.94115 -0.901993
-3.68146 -2.28813
3.09043 -3.46409
-3.40273 2.48258
3.22116 -0.84422
3.38851 -2.3009
2.4032 -2.10117
-3.90395 3.97545
-3.94766 3.36417
3.59652 0.579243
1.52075 -3.86429
2.91121 2.99317
3.87125 -0.108005
-2.72071 2.02998
-3.50828 3.52378
-1.34552 -2.80292
-3.45104 -1.0398
0.718629 2.97982
3.32389 2.03964
-3.50411 -3.47497
2.00232 -3.49221
-1.92759 -2.67027
-1.05663 -3.43574
-3.71452 3.78062
3.43315 0.676731
-1.35828 3.28051
-3.38961 -0.476483
-2.96829 -1.2406
-3.1322 -1.02535
3.22041 0.571957
-3.15168 -3.70223
-1.95883 3.98977
-3.76901 3.09226
-2.63636 -3.37493
-2.41249 2.89403
3.52266 1.80703
-0.925768 -3.67607
3.27818 2.01381
-3.21976 2.53181
-3.03586 -1.25534
-2.2952 2.69239
-0.259756 -3.48575
-2.35749 3.31857
0.715016 -3.91972
-3.39107 -3.33713
-2.85873 2.3542
-2.4362 -3.06849
3.6462 1.2847
2.60513 -3.86776
3.30583 0.0698895
3.24317 -0.775104
2.75258 -3.30447
-1.79935 -3.13215
-2.90611 -2.38123
2.97718 2.08187
3.88108 -2.8717
-2.73459 2.86435
-3.5613 2.30496
3.86404 2.2297
-1.99499 -2.7144
-2.2695 -3.46397
-1.28698 -3.85569
-1.4728 3.45944
-1.0001 3.12134
-3.31671 -3.80524
-0.93332 3.72591
1.99956 -2.34321
0.574607 -3.84907
2.62321 2.14032
3.58202 -3.97507
-3.92593 -1.82366
3.07786 -0.211664
-0.787673 -3.2825
3.45317 1.90205
1.02203 3.89582
-1.66343 3.52154
-3.51518 -3.37408
1.76794 -3.30939
-2.80752 1.65596
-3.88348 -3.83409
3.7581 -3.44366
0.74615 -3.37534
-3.4368 2.16801
-2.06001 -2.48741
-2.59046 3.03049
-1.9569 2.92277
-0.914148 3.30549
3.37869 -0.679329
3.48625 -0.398599
1.01374 3.47455
3.68945 2.47713
3.45222 -1.56256
1.98494 -3.9418
3.33963 2.97828
3.15648 -1.88395
-2.45855 3.96968
-0.563757 3.18963
-2.55163 -3.13042
3.42003 0.165523
1.75702 -3.88488
3.1662 3.29232
-3.84267 0.260641
3.55652 -0.245398
0.133714 3.49036
-2.02539 3.46264
3.84955 2.66656
2.6235 3.69342
2.68435 -1.58269
-2.31185 1.94825
-1.19763 -3.05108
1.38816 3.81276
-1.27935 2.91753
1.70796 -2.57271
1.28261 -3.50343
-3.23442 1.86007
-3.69569 -2.11008
-3.14846 -1.49576
2.39756 2.82439
3.38679 1.1143
-0.807999 -3.5606
-1.40433 3.3315
-3.68633 2.98495
3.87765 1.5572
3.07901 -3.1138
-2.54747 3.63921
1.52703 -3.22892
1.15509 -3.95859
-3.42359 1.63686
-2.88716 -3.25606
-3.49545 1.37359
0.146025 -3.15693
-2.6905 2.38361
-1.68366 2.91915
-0.96901 3.91094
-3.26111 -1.89309
-3.15782 -0.347047
-2.66918 1.55026
3.6318 -2.51336
3.9806 -2.34731
-2.0154 -2.23958
-1.9401 -2.38972
2.98026 0.477982
-3.25327 0.988875
-1.8178 -2.65471
3.86586 -2.87578
-3.96939 2.11671
-2.86556 1.54189
1.97499 2.37316
0.117124 -3.6919
2.54576 -3.43128
-2.93699 0.921664
-3.08681 -3.20659
2.71561 2.39295
2.75825 3.7328
-3.91504 -0.116909
-2.72021 -2.1271
-3.52898 1.23659
-1.21802 3.30023
3.88602 0.0437442
-1.70447 2.97284
1.14794 3.7945
1.41722 3.0168
2.63365 2.93689
2.21814 -3.57501
-2.9271 2.05921
3.34958 0.970512
-1.76012 3.99109
0.758746 -3.69672
3.26382 -2.41562
3.6178 -3.90677
1.52647 2.88206
2.00256 2.77556
-0.714078 3.26731
-3.07313 2.45195
0.486965 -3.87299
3.92099 2.78809
-1.77298 2.87047
-2.15608 2.48641
3.68984 -1.24416
2.1232 3.48628
-3.46347 -3.27499
-3.24523 -0.26571
3.99279 2.16564
3.94836 3.65449
3.80287 -3.13095
3.88409 -3.01046
2.35366 3.52743
3.62462 -3.86937
-2.23516 -3.97057
0.734166 -3.50247
-2.60042 3.31816
2.01934 -2.54624
-1.77718 -3.30128
-2.61717 -2.06501
-2.96212 3.03078
-2.95777 -0.519478
2.07403 2.39319
-1.08719 3.80766
3.42842 -3.51523
0.307917 3.74693
3.6729 0.990862
-0.405751 -3.0361
-3.74333 2.01766
-3.14767 2.98924
-0.869031 -3.16946
1.25912 -3.76214
-3.41677 3.71318
-0.885128 -2.89878
3.88501 3.78552
3.51407 0.967411
3.10929 1.92231
2.03035 -2.89232
-0.492053 3.09807
3.26784 -1.45537
3.7594 3.72604
-3.51544 -0.311954
-2.12899 2.55809
-3.44571 -3.62626
2.71983 -3.46278
-2.83947 -3.01346
2.95668 -2.13921
-1.96417 3.36061
-3.80041 2.73333
-1.22142 3.65788
0.706788 3.13632
-1.59153 -3.8824
-2.49692 -3.61707
0.571561 3.84894
-2.99016 2.5787
1.8503 -3.82009
2.98832 -0.853064
-2.39758 -2.76376
-1.83343 2.38311
-1.70074 2.95737
-3.55713 -3.00251
-3.13825 -3.38272
3.6158 2.31453
3.91908 3.1778
-2.58973 -2.71901
-3.7107 1.63312
3.8649 -3.75738
3.1084 3.3277
-1.77871 3.14821
-3.14029 1.29795
3.76418 -2.85638
-2.90478 2.66287
-2.34477 -3.59038
-0.936615 3.11263
-1.04102 3.40279
-3.23368 2.63544
3.92379 3.2977
-2.85141 -1.79958
-0.970865 3.89094
-3.338 -3.4812
3.14465 -0.918231
3.1875 -0.561198
3.08286 1.11378
-1.71272 3.76325
-3.51916 -0.0967659
-2.48111 2.61837
-1.85972 -2.53805
-2.73454 3.66371
-3.31224 3.59699
-2.68162 1.83194
-1.47237 -3.04464
-2.82596 -1.79353
-3.01731 0.382944
-2.74847 -3.25079
0.668245 3.04602
2.67047 -2.73438
-3.98228 1.42556
3.58063 3.71294
-3.1476 0.558804
2.42449 3.42865
2.09413 3.72553
-0.237718 3.37399
-2.58063 2.0309
2.47364 -2.92509
-3.60336 1.55029
3.46832 -0.352304
3.77752 0.743318
3.39807 2.15312
3.01512 1.67808
2.33289 -2.03497
-3.13666 -2.50761
3.97491 -3.31406
-2.93184 -3.5366
3.81024 -2.67364
-2.94962 1.13146
2.2862 -2.24774
3.07161 -2.78875
3.28276 -0.990979
-3.9119 -3.77719
-3.20828 3.20266
-3.00932 1.82496
-3.55047 -3.95132
-2.42733 -2.32354
0.895904 -3.18978
-3.35818 0.374464
-1.26238 -3.02237
0.539015 -3.48972
3.44695 -1.83166
2.94038 1.82298
-3.02531 -1.96083
1.89371 -3.24511
3.59638 -2.76277
-3.12241 -1.85144
-3.5517 -1.72664
-3.45405 2.48295
2.58174 -2.26514
3.96363 1.72186
2.03901 -2.52293
-3.29118 -3.42309
-3.92554 1.27973
0.919814 3.12463
1.98635 -2.41844
0.944777 3.68804
0.0260096 -3.21681
-2.34289 -3.45462
0.866448 -3.87714
-3.98101 -1.45158
-2.5111 3.94853
-2.08292 -3.66445
1.35772 -3.61005
2.9948 1.81246
-0.764971 3.10402
3.42183 -3.81132
-2.60412 1.55087
-3.2922 -1.85327
-0.49657 -3.28785
0.866856 3.48218
1.12847 2.99052
3.93817 -3.80192
-1.54303 -3.71023
2.74646 -1.69562
-3.33963 -0.53992
-2.03535 3.1731
-1.73616 2.90943
2.82034 2.30883
0.25013 -3.41455
-2.42085 -3.74145
-3.06889 2.82833
1.76377 -3.20444
2.67426 -1.86828
3.49754 1.3517
3.54209 -0.698249
2.78551 -1.66042
-2.64312 -3.61805
-3.45737 -3.41892
-1.95419 3.11202
2.72338 -2.41328
0.204987 3.46431
-3.61718 -3.81892
-1.34165 3.79161
2.57117 1.70693
2.31914 2.20738
-2.67209 -1.37665
0.305458 3.67712
-2.29287 -2.87565
1.91295 2.47341
-3.55602 2.26425
-3.81753 3.48714
3.36159 -0.568286
1.0458 3.81318
3.12775 -0.427029
-3.66422 -0.718247
3.48034 0.63459
1.6176 -3.50077
-2.68896 -2.37273
-2.62447 -3.81369
3.94803 -3.25339
-3.12831 0.44471
3.55531 -1.06661
2.62257 -1.86086
3.11381 3.27954
-0.631481 3.21702
-3.77406 3.56287
-2.57576 3.08536
3.3663 -3.8824
3.53344 -0.160487
-2.42442 2.24695
-1.12566 -3.60618
3.02393 -2.64895
2.41769 3.65831
-3.64324 -2.55862
1.51169 3.36512
-3.10813 -2.54878
1.60623 3.78345
-0.221054 3.13162
2.27708 2.784
-1.58641 -3.74087
-1.55413 -2.78117
3.78948 -1.16639
1.63386 3.852
-2.01814 -3.81129
-0.234378 3.81803
1.90311 3.10729
-3.5964 -3.75887
-3.86782 0.176861
2.90152 3.01976
3.69681 3.42685
-2.79663 -3.06603
3.05573 -2.27386
3.88994 0.541287
-3.06911 -2.05981
-1.86219 -2.46293
-1.62711 -3.29479
2.19507 2.84296
3.64827 -2.19018
-3.66546 -3.57521
3.54873 1.78048
3.08888 0.973555
-3.64528 -2.52179
2.20326 2.31895
1.14939 -3.79833
1.8961 3.59961
3.52187 0.902295
0.603766 3.3627
-1.97591 2.98345
0.868986 3.86836
3.74888 3.84633
3.89918 3.27936
-1.25676 3.35647
-0.759843 -3.19348
1.16876 3.7589
1.85206 -2.88736
-2.99635 -3.05398
-3.53966 -1.10778
3.06534 -0.582716
-3.44284 2.40126
3.85537 3.59971
-3.90576 1.63722
-3.20353 1.90878
2.85932 3.66632
-2.93504 2.41682
3.81656 -2.40654
3.90732 -0.874203
-2.3318 -3.4533
-2.67192 2.06834
3.98645 -3.92962
3.11587 -0.67193
0.763294 3.63139
-3.79338 3.68636
-3.668 3.71039
2.19322 3.09584
-3.65386 1.9319
-1.11562 2.99248
2.67025 2.63706
1.44396 -3.85299
2.91042 -3.3103
-2.26461 -2.11276
-1.60907 3.3375
-1.85137 -3.70614
-1.67683 -2.95466
3.99754 3.90342
-3.6862 2.72292
-3.26161 -1.02843
-2.07986 3.08922
0.934759 3.2586
-3.60306 3.99727
3.01909 1.44715
1.95628 -3.53911
1.58541 3.93459
3.76628 3.83831
3.26929 -2.47684
3.08398 2.3324
-3.60817 -3.04816
0.385676 -3.23842
-3.87044 1.17539
2.06646 3.60615
2.78252 -2.52248
2.56889 -2.45598
-3.07675 -0.00968204
-2.19637 -3.23193
1.83337 -2.51985
3.767 0.202849
2.76982 -1.53151
3.58546 -1.86846
3.49291 -2.91281
-1.2872 -3.03909
-3.21856 3.89879
-3.90044 -0.41643
3.54571 -2.56175
-2.87395 -2.73871
-0.607248 -3.69857
3.90307 -0.77441
1.85753 -3.66474
0.928802 -3.81256
-3.3624 2.87298
3.14989 -2.7868
3.85124 -2.14569
-3.22204 1.22609
3.29001 0.0231859
-3.35423 1.99605
-2.33098 3.42243
1.3739 -3.47385
2.77298 2.44298
-3.92105 3.19259
3.5173 3.36243
-0.317574 -3.44038
-3.14897 -3.8789
-2.26883 3.99875
3.19194 -3.74358
-3.99835 -2.3169
0.0396319 3.98997
3.74411 0.343791
3.42923 0.373328
2.18497 -2.70304
-3.80465 0.465603
-2.17238 3.39734
-0.662591 3.38205
3.64405 0.885623
-0.513186 -3.1695
2.83583 -3.57995
-3.88375 -1.05481
3.41001 2.04981
-2.5648 2.88933
2.32001 -3.30676
3.54994 2.27918
2.33263 -3.84871
-2.84749 -1.32026
-3.24704 -2.00394
3.15147 0.154639
-0.487733 -3.01088
0.905801 3.7596
-0.940539 -3.38741
0.628046 3.02143
1.27728 -3.09369
3.86233 1.58436
-1.48662 -2.78161
0.900973 -3.82856
0.331956 -3.93534
2.80854 -2.8657
-1.02064 3.6035
-3.24377 2.37416
2.1745 -3.1259
1.5704 2.57127
3.82984 -0.428767
3.90174 -1.54373
1.60789 -2.83894
-3.93944 0.685424
-2.94267 -2.98211
2.83082 -2.31639
3.42108 3.30032
-2.8422 -2.91644
-1.0996 3.50104
1.33907 2.94123
2.39615 2.69929
1.94673 -3.0825
3.65044 0.105651
1.24229 -3.97662
-2.0346 -2.26266
3.72734 -3.01663
0.912187 3.74574
3.24763 0.253793
-3.7004 -3.5564
3.26693 2.92509
3.18525 3.28791
3.59657 2.46932
0.239466 -3.43606
-3.46984 0.29045
3.24843 1.12015
3.88521 -0.647712
2.43151 -3.29281
3.15786 -2.39419
-3.2714 -1.08033
2.30719 2.69994
1.65775 3.43982
3.33475 -1.89904
3.75429 0.0713737
1.19544 3.53304
3.52066 2.2095
-1.45483 -3.55228
2.54881 3.43885
3.84608 2.84788
0.487154 3.69499
-2.77953 -2.27752
-3.32407 3.7153
3.4035 -1.78946
3.13047 -3.15174
2.90215 2.16698
-3.21374 0.130577
-1.82156 3.8785
1.09274 3.15936
-1.35786 -3.43769
1.70488 3.3258
1.55702 3.55408
3.57749 -0.281819
1.04889 -3.30743
-3.22915 3.26046
0.930534 -3.25369
-3.79152 0.771274
-3.85604 -1.98044
-1.95576 2.66625
2.13341 3.51963
1.7025 3.82185
-3.48242 1.00461
-1.15985 2.98477
-3.25884 2.83709
3.64011 3.09904
-3.08627 1.56197
3.62687 2.05543
-2.55403 -3.64963
2.70321 -3.83436
2.15417 3.00258
3.90762 -2.60823
-1.73678 3.23162
-2.63403 1.79127
-3.49723 0.455697
3.9031 -3.21317
3.25853 -2.04106
1.59218 -3.83291
3.6482 2.83819
-2.96973 3.50522
-1.07419 3.92626
-0.0280625 -3.32535
3.02139 0.698146
3.74073 1.17072
3.02703 1.41789
-0.300767 -3.19049
-2.80414 -3.56148
2.89732 -1.92808
3.13606 0.428059
-3.05527 -0.343666
3.45017 -3.26615
3.31747 2.37662
2.59099 -2.6494
3.20329 -2.94472
3.61228 -3.06039
1.39729 -3.00496
-3.83416 -0.0510272
3.3087 -1.60828
2.43591 -3.70718
3.28435 -3.82464
3.99788 -3.73872
-3.98701 -3.83598
2.70703 -2.93794
-1.83376 -3.96731
-1.32807 2.8577
0.86211 3.01041
-3.90004 -0.611166
3.66852 0.852052
-1.66533 3.04445
0.834819 -3.32476
3.78045 -2.46954
3.27057 2.87566
0.0864397 -3.66015
-2.91186 -3.89251
-3.53301 -3.89971
0.258848 -3.41977
2.21829 3.04883
1.18905 2.85841
3.71846 1.22705
-3.54804 2.01847
2.91007 3.94222
2.91268 -2.80945
0.312063 3.60474
1.36303 -3.70599
-2.60243 2.90087
-0.261615 3.85816
-0.795676 -3.13094
-3.20555 -1.7258
3.35473 -0.029405
3.19905 -1.12268
-3.33718 -0.33747
-3.47263 1.04774
-1.85801 -2.41698
-3.22225 -3.0155
2.40089 -3.07083
3.26496 2.10111
2.69444 -2.08266
-1.87787 -3.18892
3.29763 -0.519136
2.23152 -3.39952
0.591687 3.24267
-1.88749 3.25658
-3.56976 0.583302
3.43745 0.935734
3.25587 0.35437
-2.59743 -2.79874
-3.69165 -0.594747
1.55419 -3.55241
-2.53145 2.06234
-2.88798 -2.40866
-1.46221 3.10796
3.86787 3.35546
3.17017 3.83447
-2.37893 3.75879
2.55794 3.59204
3.92131 -1.42242
-2.3145 3.13352
-3.45107 -3.20035
1.6605 -2.88678
3.33867 -0.408055
-2.10065 3.1577
2.91576 2.55317
2.40246 3.50659
1.83137 -2.56606
2.92671 3.05041
3.59588 0.148829
3.26397 -0.632891
2.18396 -3.91443
3.85876 3.41269
-3.10937 2.30767
1.68201 3.63337
2.70178 -2.0603
-3.13114 3.59605
-2.88845 3.84531
3.36598 3.41047
-3.54841 -0.457429
-3.10955 1.31763
-2.45125 1.87682
3.90308 1.40992
-2.02204 2.51516
0.0173582 -3.97193
-1.95688 -2.55837
3.16169 -1.16229
-2.62572 -3.98161
3.42667 -3.47602
2.78367 -1.61109
3.39577 0.960577
-0.841453 -3.64605
-1.67152 -2.97192
3.52485 -3.27209
0.365121 3.94537
2.47935 2.88064
1.77565 -2.43251
2.36263 -2.20631
2.43595 -3.7614
-2.86701 3.46797
2.4753 -2.25189
-3.08818 -3.74634
-1.71613 -2.82429
-2.01489 -2.33999
3.72709 1.31433
3.86189 0.974187
-3.49541 -1.34769
3.74902 -0.0311218
3.05874 3.65722
1.55338 -3.24627
3.59231 1.64558
3.77531 -0.329212
1.19994 -3.48054
1.47467 3.71865
-1.67454 -2.66871
-3.85815 -3.64986
3.07163 -0.185055
3.23065 -1.76486
-1.12472 -3.85048
2.95226 2.28179
-3.49514 -1.24633
3.44789 1.31574
3.36439 -2.49979
-0.36719 3.3344
3.30894 0.442178
1.61596 -3.43397
-3.17406 -3.78653
1.50274 -2.60998
-2.96224 -2.48509
3.71306 0.0708596
-2.90254 3.53147
-1.96869 3.6698
2.96914 -1.89711
-3.94135 -0.313927
3.66404 -0.451226
3.30169 -3.69584
2.68201 2.37788
1.96119 -2.76768
3.84115 -0.430093
-2.28536 2.69802
3.87899 -1.03259
1.49111 -3.88754
-3.51838 -1.78255
-2.93266 -3.39708
1.29859 3.65454
2.48067 -2.62777
-3.57846 -3.91671
-1.38833 -3.84722
-1.97578 -2.98977
0.729529 3.89884
-1.76139 -3.38408
-3.39257 2.80031
2.49767 -2.4512
3.59004 2.62071
3.78622 0.987025
-3.00801 -1.40993
-3.74164 -2.30304
3.31137 -1.60672
2.03039 3.77842
-3.5433 -0.058048
-2.23637 3.58992
-0.439221 3.2766
0.574656 3.63087
-3.12564 0.74152
3.3648 3.67597
0.608156 -3.91317
-2.58735 2.48676
-3.43099 -2.73484
-1.14083 3.9483
2.81858 2.80019
-3.98357 3.31431
-2.65469 3.30792
-2.80472 1.83682
-1.8264 -2.42023
3.38132 0.887798
3.88241 -1.33367
3.6968 0.631783
-2.4671 -3.17409
-1.94817 -3.0903
3.42969 3.53314
-3.97956 -2.37001
0.315791 3.0162
3.616 -0.0889301
0.788044 3.87199
3.76582 -2.16879
2.90727 -1.12532
-3.02442 -2.22653
-3.19242 1.80564
-3.30653 1.45809
3.88877 -2.94488
-2.53643 2.28392
0.624249 3.97557
3.32234 0.0242692
2.88176 2.11658
2.3701 3.9848
0.651064 3.5366
-2.5752 2.6288
3.68686 -1.23646
-3.68568 0.720191
-1.65989 3.0301
-2.89055 3.64905
-2.1051 -2.32559
2.48736 2.32626
2.01968 -3.47515
-1.69686 2.74087
1.21582 2.90613
1.98353 2.26658
3.93077 3.00539
-3.95408 -2.97445
0.930069 3.4867
-3.51788 -1.94159
2.54338 2.95061
1.53687 3.82369
-3.68418 0.782902
3.70485 2.93063
-2.44692 2.93971
2.55912 2.75173
-3.36927 -2.19569
-3.33719 1.49113
-0.11467 -3.24738
-3.3846 -0.958451
3.93651 2.63327
1.9681 -3.82279
2.16081 -3.2654
2.12481 3.50988
3.18222 -2.04836
-3.38324 2.54646
-2.95732 -1.94208
3.36084 -1.82835
0.376119 -3.22828
1.18831 -3.91852
-3.94031 3.12703
-3.60487 2.41003
0.527349 -3.43371
3.24944 3.28803
-3.62067 -3.90605
-2.90351 -2.23238
-1.37295 3.44674
3.94485 0.439152
-0.936042 3.31159
1.05178 -3.16569
3.43773 2.01364
0.223382 -3.35936
-3.01119 -1.91995
-3.30122 -1.06579
2.02935 3.85651
3.80621 -3.74279
-2.56051 -2.70269
-3.06051 2.06393
-3.90759 1.92532
3.44968 -1.90663
2.61122 -2.30996
2.20683 3.32008
-3.72486 0.0479595
0.773822 3.13823
-3.62306 3.12221
-2.19588 -2.79497
-1.63138 2.88364
-3.04164 -1.22301
2.95369 2.03832
-2.4629 3.8294
2.90346 2.55005
-0.856418 -3.88952
-0.442717 3.49826
3.50323 2.29507
-0.935066 3.20127
-2.93679 2.06117
3.81909 -3.21792
-3.13105 -2.22509
-2.18471 -3.03005
-0.969283 -3.00947
-1.65872 2.76351
-2.86312 1.05506
2.93904 -0.652042
3.02691 0.882449
-3.83576 -3.66232
-2.34972 2.81359
3.2989 -0.530413
1.78008 -3.39334
3.48971 0.300401
-3.28473 -2.18426
-1.00549 3.5238
3.33582 -2.85704
0.0878758 3.64937
-2.47685 3.30659
-3.87113 3.08196
-3.39476 -0.15183
-1.78487 -3.80802
-2.18743 -3.51399
2.42596 -2.3855
2.94143 1.99412
3.23242 1.24361
1.52506 2.69301
-2.21871 2.08277
0.7174 -3.82177
-0.427134 3.7768
3.38904 -3.63128
3.87377 0.534996
3.78309 -0.612204
0.183736 3.47056
3.80016 -2.95279
3.58551 -1.54207
-0.375801 -3.5258
2.47056 -2.28725
3.86726 -0.924305
2.01988 -2.95034
-3.03341 2.32931
-2.17416 -3.74936
-2.91556 2.58561
3.14076 -0.390674
-2.90711 -2.96972
-3.93552 3.78777
-2.23854 -3.78858
-3.64824 -0.256078
-3.47535 0.539141
2.50823 2.6138
3.83343 -3.28099
1.61488 -3.15693
1.52408 -3.016
2.89709 1.62799
3.79194 3.44367
-2.41513 -1.89649
3.97441 -3.3496
1.59892 -3.98175
1.37091 3.83246
3.09453 -2.0372
-1.79489 -3.82626
3.55947 -3.25481
2.68731 -3.36884
-3.50238 2.93981
2.22245 -2.24824
3.09855 2.41763
1.39026 2.79483
-2.1478 -2.97008
-3.5979 1.73669
-3.33719 3.88069
-2.15175 -2.87351
3.69517 -3.03301
2.67959 2.35493
-3.89158 0.800736
2.43086 -3.30748
3.88838 3.48311
1.61121 -3.47038
3.44008 2.82704
-3.07626 -0.830397
3.439 -0.277597
2.61518 3.15464
-3.77508 3.91306
-3.4628 -3.88816
-3.95513 3.75029
3.72906 2.8453
-3.00174 0.333381
-3.55922 1.98072
3.24545 -3.31431
3.13296 -2.64335
-3.18593 -1.40067
3.7561 -3.90987
-2.26901 3.53558
-3.64684 1.60538
-2.10061 3.80156
3.2377 0.0380449
-3.74667 2.85553
-2.38874 2.92822
-3.55754 0.621437
2.27496 3.16663
0.933263 -3.1328
-0.0188003 3.75811
2.35153 1.97596
-3.25965 -2.85102
-2.50592 2.20639
3.29502 -2.35346
3.72471 2.98245
1.65612 2.51231
2.96421 -2.72231
3.11013 3.02849
0.0500651 -3.23124
-3.20831 -1.66035
0.748556 -3.40935
0.653778 -3.56945
2.42741 2.41706
-3.6625 0.382669
-2.56856 3.70872
3.58526 -2.65989
-0.583885 3.13424
1.83855 -2.81249
-3.38741 -1.36825
-2.96992 -2.97266
3.29574 -2.20078
-3.10265 -3.02301
-3.48444 0.0190661
2.68556 -2.2073
-0.291502 3.73712
-1.71107 -3.38341
1.94201 2.4628
-1.84909 -3.68768
2.91517 -0.717428
-1.47649 2.69804
-3.72215 -2.88914
-1.11184 -3.05114
-2.48616 2.61227
3.11787 0.699487
-3.92524 -1.78056
1.70018 3.74602
3.45685 3.27444
3.16126 2.45955
-3.05549 0.491573
0.598532 -3.43605
-0.460729 -3.09305
-0.867146 3.86762
-3.25681 2.3552
2.83277 3.4204
2.56354 -2.61917
-2.49852 -3.33677
-1.77356 -3.77951
-0.141178 3.30309
3.93743 -1.58936
2.01503 2.36794
-3.53465 -2.49862
-3.92726 0.746378
2.93511 3.45121
0.441874 3.39759
2.89549 -1.87061
-3.40623 3.26683
-0.680159 3.34787
-3.32803 0.921654
3.66417 3.49119
-1.50081 3.81736
1.74631 -2.85517
-3.40488 -3.75357
-2.92594 -3.66734
-3.38759 1.46728
-3.09019 1.35334
-0.382885 3.84219
2.88793 1.09464
0.864854 -3.8275
1.1031 -3.76784
-2.58089 -2.49865
1.34063 -3.9288
-3.99486 -0.150841
-3.21511 -3.28464
-3.0537 2.56244
1.44573 -2.70435
-3.09259 2.08481
1.09158 3.68195
-2.8674 1.38641
1.75061 -3.58538
3.67901 1.18468
-2.57229 -3.43657
0.61958 -3.09165
-3.02537 2.32909
0.74819 3.61645
3.82526 -2.63564
-1.6323 2.93273
2.20376 -2.58206
-3.51125 2.94361
3.57477 -1.70627
-1.3302 3.41155
3.22751 -1.07506
-3.27825 0.264904
3.48241 -1.566
-2.27848 2.90859
3.66732 -2.98371
-1.68779 -3.06464
-1.85514 -2.93254
-0.676046 -3.38125
-0.630468 -3.89813
3.84108 1.4318
-3.17791 -0.980388
-3.81734 1.05164
0.856858 3.58518
1.49981 -3.6066
-0.386166 3.8595
1.55532 2.83836
3.20823 -2.38981
-3.52512 1.94945
1.94038 -3.6451
3.08087 -1.09128
-3.76416 -2.00638
2.72762 -3.28008
3.73458 -1.07182
-3.31066 -1.96348
-2.47492 -3.62883
-1.72679 2.53499
0.0990127 -3.56168
1.0978 3.70836
0.165605 3.54072
2.81781 -1.36564
0.426798 -3.43337
1.69756 2.99785
3.08917 -1.68474
3.68916 0.295527
-3.5762 -0.869033
2.94832 -1.69242
-3.43751 -2.85478
1.17281 -3.46005
3.01503 0.753995
-3.62027 -0.402762
3.21348 2.19224
2.16276 -2.61693
-1.39727 -3.92458
-1.17828 -3.73894
-2.63283 1.97744
-3.28884 -1.06775
-1.35878 3.70463
-2.03968 3.46522
-3.54225 3.33037
-0.788496 3.54732
3.95572 -2.35029
2.98456 -1.82715
-3.22091 -3.54639
3.71217 -2.11612
3.85054 -1.83167
-1.77967 -2.72371
-3.3997 -3.76667
3.56238 0.978548
3.3841 2.09633
0.573534 3.37652
1.16202 3.26979
0.590742 -3.22567
3.76848 2.12425
-3.44039 1.48282
-2.68092 -1.37673
-2.92251 1.92854
1.4104 -3.46536
-1.04457 -3.80617
-3.24892 0.948479
3.0505 -3.77406
2.82203 1.22963
3.4183 1.17286
-3.69228 -0.695707
-2.48169 -3.15772
-2.06614 -2.58327
3.15523 -2.38216
3.82686 -1.97867
-3.64589 2.82319
2.39411 3.18365
-1.9827 -2.94361
2.65697 -1.59579
-2.54637 -2.15849
3.06792 -0.668493
3.43875 2.09995
3.35954 -0.0949671
-3.19555 0.00544166
-1.88224 2.68401
-2.44605 3.10809
3.08359 1.74456
-0.131962 3.96672
0.821691 3.77093
2.76201 -3.74667
3.92343 1.16149
0.27335 3.82959
-3.72631 2.05596
3.80701 1.07031
-3.86436 -2.90809
3.55202 1.85167
-0.475683 -3.44704
-2.25681 -3.40953
-3.09901 3.50448
3.64095 1.05191
-3.70059 -3.55992
-3.14569 -1.67755
-2.59345 1.60464
2.17402 -3.56965
2.87908 -3.60641
3.88922 -1.39937
-1.08691 3.32673
1.16642 -3.77477
-3.30113 0.620888
-3.12581 3.48016
-0.749275 -3.50601
-3.68309 -2.80146
-2.26982 3.67217
-3.22351 2.31811
-3.23419 0.937398
3.25437 -3.25953
2.39098 -2.37709
2.40607 2.59015
3.3196 1.10921
3.56857 -3.71515
3.45085 3.06789
2.30075 -2.57334
-2.32006 3.61948
2.80666 -3.25694
-2.79492 3.24757
3.14591 -3.64037
-2.01114 -2.5843
0.963448 3.23004
3.84997 -0.332071
3.30864 3.56898
3.76566 3.31221
3.7011 -0.668121
3.93994 3.1136
-3.78365 2.88539
2.54701 2.59135
-3.44346 -3.03804
3.22666 -1.83872
-3.05626 3.49629
-3.46878 -1.67069
-3.06879 1.7992
3.21865 -3.66984
2.74487 2.99326
-3.42127 -0.31002
1.69418 3.80085
-2.87432 -2.76327
-3.65993 -2.54256
-2.99187 -1.55513
-3.59563 -3.57521
-3.19346 -3.0248
3.65804 0.313033
-1.62822 -2.56113
1.23075 3.30259
1.04078 -3.87559
-2.67373 -3.8187
3.94975 1.44024
3.50733 -0.770963
-1.7469 -3.36839
-2.60523 -2.71815
1.43898 2.66446
3.0529 -0.990773
-1.09012 -3.43765
-3.33306 3.8259
1.39384 3.96624
-3.99768 2.25301
-3.3768 -3.11489
2.03153 -2.92868
-3.48938 -2.05728
2.08993 2.38401
-3.57081 -1.35181
-1.75004 -3.77614
-3.5423 2.97669
-2.81007 -3.65668
3.52559 -0.380921
3.58085 2.55489
-2.20234 3.10451
-1.66815 -2.85743
-1.16326 3.42406
-1.9443 -2.60572
3.73774 2.80772
-2.22109 2.73948
1.44237 -3.76792
-1.9118 -3.90814
2.48888 -2.70454
-3.23117 0.804539
0.921861 3.75097
0.964879 -3.46464
-3.41867 0.0760402
1.5754 3.32952
2.38948 3.02989
-2.40512 -2.59668
3.22947 -2.66803
-0.805798 3.04865
-2.11006 -3.58789
-2.63689 2.92423
-2.62184 -3.91845
1.98538 3.39358
2.78892 -1.56572
0.145175 -3.19147
-3.87503 2.52459
2.75661 -2.74097
2.55926 -3.76078
-2.26572 -2.71508
-2.80026 1.67619
3.00449 1.69741
3.26419 2.63503
-2.49609 -3.64768
3.98346 -3.38072
-3.84095 -2.72131
3.46863 3.07254
-2.61593 3.67582
2.55626 -3.93349
-0.620507 3.29712
-1.83125 3.955
3.48041 3.46715
-2.23303 -2.7984
1.19885 -3.66328
-1.95942 -3.26827
-3.45821 -2.91368
-3.33769 -1.1141
1.93943 -3.23681
-2.27422 2.89097
2.83611 -2.27843
3.68458 -3.22596
-1.44028 3.23814
-2.52471 3.66452
-3.91348 1.56393
2.64752 -1.48551
1.18237 -3.56405
1.10724 2.89467
3.23787 -2.95829
-1.7652 3.63575
-3.27753 -0.365377
0.0230429 3.041
1.91155 -3.82398
-2.26375 -3.87932
2.75432 -3.32798
-2.2922 3.08318
0.358873 -3.90201
0.77981 3.23199
-3.15396 -3.254
-3.59499 3.99822
1.19723 2.84364
2.56626 3.59525
-1.73967 -3.13454
3.14879 1.79532
-3.39268 1.93778
-1.30418 3.00074
3.10085 2.24433
-3.00166 3.26936
-3.42084 -3.16779
3.63038 -3.14015
3.33461 3.63767
3.17623 1.68865
-3.8851 -1.63577
3.58053 -3.01966
-3.58521 -2.08208
3.18741 0.106027
-3.74992 1.70629
3.73503 -0.412923
-2.73939 1.55937
3.56212 2.52925
2.71515 -2.30358
2.77648 2.85126
-3.36875 0.779419
-3.2329 -0.247672
-3.7416 -0.90364
2.48651 3.91664
-2.77195 3.26736
3.33881 -2.99531
-3.23443 -0.655998
1.35821 -3.68263
-3.57359 3.07878
3.68182 -3.53339
-1.12315 3.50026
3.32461 -3.44928
3.11229 -2.18008
-3.75321 -3.30176
-3.78015 2.03682
-1.84942 3.19519
-3.40905 -2.05296
3.95371 0.357896
-1.38271 3.08884
1.7419 -2.92268
-3.43616 -3.37264
-3.62773 -3.69203
-3.23156 -3.8571
-2.69862 -1.74072
2.99081 3.12904
3.61598 1.4848
0.597218 -3.28988
2.87227 3.05918
-3.86112 0.435173
2.60031 1.98117
1.16846 3.7535
-1.25501 -2.96608
3.42328 -1.97576
2.92496 0.787831
-1.71622 2.88079
-2.30285 3.19685
-3.2354 0.48932
3.47175 -0.577698
-1.26391 2.92697
-1.59918 -3.88361
3.04607 1.03691
3.13556 0.402553
-1.75447 3.55068
2.43415 2.59995
-3.08266 -3.49373
3.65944 1.34256
3.37764 3.06839
0.655844 3.33944
-0.269091 -3.52123
-3.17438 -1.04545
-3.94581 -0.136933
3.82698 -3.80044
-2.63906 2.73469
-3.70785 1.08511
3.62328 3.13995
2.74799 -2.95537
2.28324 -2.13332
-1.24858 3.32444
2.12696 2.30193
3.85645 2.71158
3.09071 -3.2041
-2.12015 -3.17821
2.02347 3.86289
3.17272 -1.98512
-1.75359 -3.52342
2.38104 2.92714
-1.48671 -2.92219
-1.985 -2.61324
2.22926 -2.74627
3.22082 2.99709
3.25954 -3.01178
3.20202 0.248718
3.43523 -0.649377
-3.61382 -0.240695
3.03415 -1.95653
-1.27973 3.07345
-1.49335 -3.00967
3.35724 1.56842
1.6773 -3.87988
3.61561 1.30896
0.356548 -3.48019
1.85612 -3.9161
-3.63216 -0.098694
3.30904 -2.0744
0.620504 2.97921
2.09051 -3.67192
3.60473 -0.240384
-3.08271 2.52969
1.53905 -3.38551
1.5765 -3.35701
-0.0049616 3.91465
